008 032 012 003 -118 103 126 -22 051 022 007 -118 -128 -86 -66 066 022 013 -118 098 126 000 000 000 000 000 000 000 000 000 000 000 000 000 000 000 000 000 000 000 000 000 000 000 000 000 000 000 000 000 000 000 000 000 000 000 000 000 000 000 000 000 000 000 
-57 -72 020 -21 -120 -65 -121 066 -49 007 -34 -123 113 -128 -56 034 015 001 -123 126 125 000 000 000 000 000 000 000 000 000 000 000 000 000 000 000 000 000 000 000 000 000 000 000 000 000 000 000 000 000 000 000 000 000 000 000 000 000 000 000 000 000 000 000 
049 -42 010 -37 089 126 123 -13 -59 001 -38 126 085 126 050 -70 -16 -30 -105 031 119 000 000 000 000 000 000 000 000 000 000 000 000 000 000 000 000 000 000 000 000 000 000 000 000 000 000 000 000 000 000 000 000 000 000 000 000 000 000 000 000 000 000 000 
021 -39 017 013 122 121 -117 -45 032 -06 022 122 119 126 -03 015 -13 002 -128 107 -128 000 000 000 000 000 000 000 000 000 000 000 000 000 000 000 000 000 000 000 000 000 000 000 000 000 000 000 000 000 000 000 000 000 000 000 000 000 000 000 000 000 000 000 
055 -37 -05 -05 126 -112 -128 -13 039 -16 -03 096 126 120 -25 -24 -05 009 124 -77 -128 000 000 000 000 000 000 000 000 000 000 000 000 000 000 000 000 000 000 000 000 000 000 000 000 000 000 000 000 000 000 000 000 000 000 000 000 000 000 000 000 000 000 000 
021 033 008 -15 -128 102 -127 -46 041 016 023 -122 123 102 -60 -09 014 007 025 -128 089 000 000 000 000 000 000 000 000 000 000 000 000 000 000 000 000 000 000 000 000 000 000 000 000 000 000 000 000 000 000 000 000 000 000 000 000 000 000 000 000 000 000 000 
025 -57 -20 001 126 -120 126 006 -69 -16 -07 -128 -128 -97 036 015 -14 -05 084 -126 -95 000 000 000 000 000 000 000 000 000 000 000 000 000 000 000 000 000 000 000 000 000 000 000 000 000 000 000 000 000 000 000 000 000 000 000 000 000 000 000 000 000 000 000 
-21 040 079 029 127 124 116 016 -08 040 043 126 121 -122 -35 005 048 017 122 -128 091 000 000 000 000 000 000 000 000 000 000 000 000 000 000 000 000 000 000 000 000 000 000 000 000 000 000 000 000 000 000 000 000 000 000 000 000 000 000 000 000 000 000 000 
044 -27 -11 004 123 001 -128 049 033 013 -02 122 -128 126 012 046 -06 015 126 -126 126 000 000 000 000 000 000 000 000 000 000 000 000 000 000 000 000 000 000 000 000 000 000 000 000 000 000 000 000 000 000 000 000 000 000 000 000 000 000 000 000 000 000 000 
051 026 -06 004 -128 -73 120 039 -31 004 009 -123 -128 041 053 -61 -22 005 -128 125 -106 000 000 000 000 000 000 000 000 000 000 000 000 000 000 000 000 000 000 000 000 000 000 000 000 000 000 000 000 000 000 000 000 000 000 000 000 000 000 000 000 000 000 000 
040 013 014 -17 -123 121 -122 068 049 -44 002 -105 119 -115 -04 007 -34 001 -121 114 -112 000 000 000 000 000 000 000 000 000 000 000 000 000 000 000 000 000 000 000 000 000 000 000 000 000 000 000 000 000 000 000 000 000 000 000 000 000 000 000 000 000 000 000 
052 -32 015 -06 125 094 104 -35 049 014 -07 -114 -62 -127 002 -36 -21 -07 126 123 124 000 000 000 000 000 000 000 000 000 000 000 000 000 000 000 000 000 000 000 000 000 000 000 000 000 000 000 000 000 000 000 000 000 000 000 000 000 000 000 000 000 000 000 
047 -36 029 016 126 -121 -128 -42 -27 -23 -22 -128 091 120 -57 022 -20 -07 123 -61 126 000 000 000 000 000 000 000 000 000 000 000 000 000 000 000 000 000 000 000 000 000 000 000 000 000 000 000 000 000 000 000 000 000 000 000 000 000 000 000 000 000 000 000 
-59 061 -08 -23 -123 124 -125 -37 062 006 -37 -124 112 126 010 065 -05 -03 -117 -127 -109 000 000 000 000 000 000 000 000 000 000 000 000 000 000 000 000 000 000 000 000 000 000 000 000 000 000 000 000 000 000 000 000 000 000 000 000 000 000 000 000 000 000 000 
067 057 -48 -32 -109 124 -125 -23 025 -03 -23 -123 120 -126 -23 033 002 -30 -121 107 -127 000 000 000 000 000 000 000 000 000 000 000 000 000 000 000 000 000 000 000 000 000 000 000 000 000 000 000 000 000 000 000 000 000 000 000 000 000 000 000 000 000 000 000 
043 -52 023 -13 -128 -127 031 -06 023 -05 -08 053 124 -116 060 -48 008 -10 -128 073 -127 000 000 000 000 000 000 000 000 000 000 000 000 000 000 000 000 000 000 000 000 000 000 000 000 000 000 000 000 000 000 000 000 000 000 000 000 000 000 000 000 000 000 000 
054 067 002 001 -114 106 -127 016 037 018 -20 -120 -128 112 -27 042 -21 -09 -118 -126 123 000 000 000 000 000 000 000 000 000 000 000 000 000 000 000 000 000 000 000 000 000 000 000 000 000 000 000 000 000 000 000 000 000 000 000 000 000 000 000 000 000 000 000 
-28 -60 011 -09 -112 036 -128 025 033 012 021 -128 125 115 045 029 -02 -11 -112 -128 -116 000 000 000 000 000 000 000 000 000 000 000 000 000 000 000 000 000 000 000 000 000 000 000 000 000 000 000 000 000 000 000 000 000 000 000 000 000 000 000 000 000 000 000 
010 049 -23 -18 126 019 058 -56 -52 007 025 126 069 -128 -19 -17 -17 012 122 126 -97 000 000 000 000 000 000 000 000 000 000 000 000 000 000 000 000 000 000 000 000 000 000 000 000 000 000 000 000 000 000 000 000 000 000 000 000 000 000 000 000 000 000 000 
-36 020 -30 029 122 120 -123 -52 -23 -17 049 -120 120 -113 -31 -40 -10 029 -122 112 -117 000 000 000 000 000 000 000 000 000 000 000 000 000 000 000 000 000 000 000 000 000 000 000 000 000 000 000 000 000 000 000 000 000 000 000 000 000 000 000 000 000 000 000 
-48 015 025 -02 -114 116 -127 -02 -69 -01 -32 127 122 -127 -57 -39 -13 -33 -119 110 126 000 000 000 000 000 000 000 000 000 000 000 000 000 000 000 000 000 000 000 000 000 000 000 000 000 000 000 000 000 000 000 000 000 000 000 000 000 000 000 000 000 000 000 
-47 -59 011 -07 -121 126 126 024 047 013 -15 126 -17 123 -11 -15 019 006 126 095 122 000 000 000 000 000 000 000 000 000 000 000 000 000 000 000 000 000 000 000 000 000 000 000 000 000 000 000 000 000 000 000 000 000 000 000 000 000 000 000 000 000 000 000 
029 014 004 -01 -122 -128 -89 063 -35 008 -29 -121 088 -52 053 -35 -16 021 -122 -128 126 000 000 000 000 000 000 000 000 000 000 000 000 000 000 000 000 000 000 000 000 000 000 000 000 000 000 000 000 000 000 000 000 000 000 000 000 000 000 000 000 000 000 000 
-33 -64 010 -13 121 125 -109 052 -34 -03 011 041 -81 -87 061 -30 002 012 124 025 -94 000 000 000 000 000 000 000 000 000 000 000 000 000 000 000 000 000 000 000 000 000 000 000 000 000 000 000 000 000 000 000 000 000 000 000 000 000 000 000 000 000 000 000 
-57 -13 -24 -02 125 126 126 -19 000 -17 016 123 107 126 -50 -17 001 -01 120 124 126 000 000 000 000 000 000 000 000 000 000 000 000 000 000 000 000 000 000 000 000 000 000 000 000 000 000 000 000 000 000 000 000 000 000 000 000 000 000 000 000 000 000 000 
038 -69 028 021 -110 120 -121 050 -62 -03 033 -109 -128 -114 038 -39 -02 029 -123 -128 -119 000 000 000 000 000 000 000 000 000 000 000 000 000 000 000 000 000 000 000 000 000 000 000 000 000 000 000 000 000 000 000 000 000 000 000 000 000 000 000 000 000 000 000 
029 -15 064 -12 126 125 126 -34 008 023 024 125 123 -123 049 052 048 009 121 120 -123 000 000 000 000 000 000 000 000 000 000 000 000 000 000 000 000 000 000 000 000 000 000 000 000 000 000 000 000 000 000 000 000 000 000 000 000 000 000 000 000 000 000 000 
-10 054 -11 014 126 117 -124 048 061 005 -02 -128 124 125 045 048 -04 -12 126 -24 117 000 000 000 000 000 000 000 000 000 000 000 000 000 000 000 000 000 000 000 000 000 000 000 000 000 000 000 000 000 000 000 000 000 000 000 000 000 000 000 000 000 000 000 
039 -75 -05 -04 -128 118 -127 073 -63 -15 -21 117 108 -128 -20 -81 -15 -20 -128 096 -112 000 000 000 000 000 000 000 000 000 000 000 000 000 000 000 000 000 000 000 000 000 000 000 000 000 000 000 000 000 000 000 000 000 000 000 000 000 000 000 000 000 000 000 
-34 -42 010 005 078 086 002 -12 -13 015 017 -125 -128 -128 046 011 -13 -01 -128 -126 067 000 000 000 000 000 000 000 000 000 000 000 000 000 000 000 000 000 000 000 000 000 000 000 000 000 000 000 000 000 000 000 000 000 000 000 000 000 000 000 000 000 000 000 
-58 -32 002 -05 -118 126 106 050 -62 -17 -04 -128 -106 -128 059 036 -08 014 -122 -123 125 000 000 000 000 000 000 000 000 000 000 000 000 000 000 000 000 000 000 000 000 000 000 000 000 000 000 000 000 000 000 000 000 000 000 000 000 000 000 000 000 000 000 000 
085 -23 020 010 -70 122 -128 078 -12 027 028 -55 124 -127 086 -07 020 023 124 126 -128 000 000 000 000 000 000 000 000 000 000 000 000 000 000 000 000 000 000 000 000 000 000 000 000 000 000 000 000 000 000 000 000 000 000 000 000 000 000 000 000 000 000 000 
-26 -40 006 004 -128 126 -128 -25 -39 -15 019 -127 -128 067 008 -63 -02 -16 -123 124 120 000 000 000 000 000 000 000 000 000 000 000 000 000 000 000 000 000 000 000 000 000 000 000 000 000 000 000 000 000 000 000 000 000 000 000 000 000 000 000 000 000 000 000 
028 016 -06 -11 126 123 094 -13 -07 -17 -03 -128 -124 119 060 -29 -18 004 126 005 126 000 000 000 000 000 000 000 000 000 000 000 000 000 000 000 000 000 000 000 000 000 000 000 000 000 000 000 000 000 000 000 000 000 000 000 000 000 000 000 000 000 000 000 
-42 010 -01 005 126 098 -128 032 034 -08 014 -124 119 -128 029 025 016 008 -116 -125 -96 000 000 000 000 000 000 000 000 000 000 000 000 000 000 000 000 000 000 000 000 000 000 000 000 000 000 000 000 000 000 000 000 000 000 000 000 000 000 000 000 000 000 000 
011 002 023 -02 -128 123 -119 -13 028 007 012 119 117 126 -04 -57 007 -03 125 110 -114 000 000 000 000 000 000 000 000 000 000 000 000 000 000 000 000 000 000 000 000 000 000 000 000 000 000 000 000 000 000 000 000 000 000 000 000 000 000 000 000 000 000 000 
035 054 012 -27 -128 073 032 -16 044 -20 -19 126 -128 -73 061 028 -16 002 126 000 -84 000 000 000 000 000 000 000 000 000 000 000 000 000 000 000 000 000 000 000 000 000 000 000 000 000 000 000 000 000 000 000 000 000 000 000 000 000 000 000 000 000 000 000 
055 002 -37 -17 -119 119 -127 080 022 -36 -13 -122 090 126 -11 -39 -16 -15 -113 120 -70 000 000 000 000 000 000 000 000 000 000 000 000 000 000 000 000 000 000 000 000 000 000 000 000 000 000 000 000 000 000 000 000 000 000 000 000 000 000 000 000 000 000 000 
-45 007 -46 -29 126 121 126 -42 -47 -25 -31 -124 110 -124 -35 008 -23 -22 -125 017 -122 000 000 000 000 000 000 000 000 000 000 000 000 000 000 000 000 000 000 000 000 000 000 000 000 000 000 000 000 000 000 000 000 000 000 000 000 000 000 000 000 000 000 000 
062 -45 028 -09 -128 122 -125 059 -27 -20 029 123 124 -122 086 013 -14 -05 123 122 -123 000 000 000 000 000 000 000 000 000 000 000 000 000 000 000 000 000 000 000 000 000 000 000 000 000 000 000 000 000 000 000 000 000 000 000 000 000 000 000 000 000 000 000 
-31 020 006 001 -128 126 -127 022 -40 013 -14 -128 -33 126 036 051 -04 -08 -122 044 095 000 000 000 000 000 000 000 000 000 000 000 000 000 000 000 000 000 000 000 000 000 000 000 000 000 000 000 000 000 000 000 000 000 000 000 000 000 000 000 000 000 000 000 
-30 -07 -05 014 112 122 -27 -26 -04 012 -20 126 -126 -77 -36 -03 -17 -07 -128 -128 -128 000 000 000 000 000 000 000 000 000 000 000 000 000 000 000 000 000 000 000 000 000 000 000 000 000 000 000 000 000 000 000 000 000 000 000 000 000 000 000 000 000 000 000 
049 032 -33 004 -125 -126 -118 055 015 -30 019 -122 121 126 052 027 -05 -03 -120 126 -119 000 000 000 000 000 000 000 000 000 000 000 000 000 000 000 000 000 000 000 000 000 000 000 000 000 000 000 000 000 000 000 000 000 000 000 000 000 000 000 000 000 000 000 
045 -17 001 -16 122 117 -109 -33 032 005 -11 119 -06 125 014 -52 013 -14 011 125 -118 000 000 000 000 000 000 000 000 000 000 000 000 000 000 000 000 000 000 000 000 000 000 000 000 000 000 000 000 000 000 000 000 000 000 000 000 000 000 000 000 000 000 000 
-69 008 -08 014 114 -125 -126 014 008 -11 -06 -126 -125 -128 020 060 -05 -05 123 100 -110 000 000 000 000 000 000 000 000 000 000 000 000 000 000 000 000 000 000 000 000 000 000 000 000 000 000 000 000 000 000 000 000 000 000 000 000 000 000 000 000 000 000 000 
-08 -78 017 006 126 126 019 -31 -69 011 011 125 -128 020 -38 -43 020 -13 123 121 -126 000 000 000 000 000 000 000 000 000 000 000 000 000 000 000 000 000 000 000 000 000 000 000 000 000 000 000 000 000 000 000 000 000 000 000 000 000 000 000 000 000 000 000 
030 042 -45 -22 -119 090 126 -37 041 015 -06 -124 092 -109 039 045 007 -24 -123 -125 000 000 000 000 000 000 000 000 000 000 000 000 000 000 000 000 000 000 000 000 000 000 000 000 000 000 000 000 000 000 000 000 000 000 000 000 000 000 000 000 000 000 000 000 
011 020 -15 009 -122 -56 126 015 -14 013 027 -122 100 -92 -12 -21 -25 012 -117 101 -121 000 000 000 000 000 000 000 000 000 000 000 000 000 000 000 000 000 000 000 000 000 000 000 000 000 000 000 000 000 000 000 000 000 000 000 000 000 000 000 000 000 000 000 
-46 -10 -01 014 116 126 -128 034 -26 001 006 -128 126 -125 001 -10 -07 007 122 064 -40 000 000 000 000 000 000 000 000 000 000 000 000 000 000 000 000 000 000 000 000 000 000 000 000 000 000 000 000 000 000 000 000 000 000 000 000 000 000 000 000 000 000 000 
016 045 024 016 -128 121 125 023 -38 -04 011 126 -128 125 -22 -38 006 -05 126 117 -128 000 000 000 000 000 000 000 000 000 000 000 000 000 000 000 000 000 000 000 000 000 000 000 000 000 000 000 000 000 000 000 000 000 000 000 000 000 000 000 000 000 000 000 
039 036 012 -14 126 -124 -86 -44 046 -21 -06 -128 115 -122 048 051 -24 -06 126 -56 126 000 000 000 000 000 000 000 000 000 000 000 000 000 000 000 000 000 000 000 000 000 000 000 000 000 000 000 000 000 000 000 000 000 000 000 000 000 000 000 000 000 000 000 
025 -43 -29 -19 -112 091 -121 -24 -52 030 011 126 -128 -90 008 001 025 -09 127 -128 -123 000 000 000 000 000 000 000 000 000 000 000 000 000 000 000 000 000 000 000 000 000 000 000 000 000 000 000 000 000 000 000 000 000 000 000 000 000 000 000 000 000 000 000 
-16 -15 027 -09 -128 126 126 018 -33 021 -11 126 117 122 053 -56 007 -02 121 125 -115 000 000 000 000 000 000 000 000 000 000 000 000 000 000 000 000 000 000 000 000 000 000 000 000 000 000 000 000 000 000 000 000 000 000 000 000 000 000 000 000 000 000 000 
025 -08 000 013 126 120 097 052 032 -07 026 -34 094 -77 -54 -28 -01 -12 126 126 125 000 000 000 000 000 000 000 000 000 000 000 000 000 000 000 000 000 000 000 000 000 000 000 000 000 000 000 000 000 000 000 000 000 000 000 000 000 000 000 000 000 000 000 
045 045 -24 011 125 -128 024 -25 036 -08 019 125 -128 085 060 021 -03 013 098 -126 -127 000 000 000 000 000 000 000 000 000 000 000 000 000 000 000 000 000 000 000 000 000 000 000 000 000 000 000 000 000 000 000 000 000 000 000 000 000 000 000 000 000 000 000 
021 -43 -21 013 -128 -128 123 -06 -04 -03 015 -128 -128 126 053 -05 -08 007 068 -34 -127 000 000 000 000 000 000 000 000 000 000 000 000 000 000 000 000 000 000 000 000 000 000 000 000 000 000 000 000 000 000 000 000 000 000 000 000 000 000 000 000 000 000 000 
054 000 -07 -14 -128 083 126 -05 -40 004 023 -128 123 -128 025 -14 -21 -05 108 -124 -64 000 000 000 000 000 000 000 000 000 000 000 000 000 000 000 000 000 000 000 000 000 000 000 000 000 000 000 000 000 000 000 000 000 000 000 000 000 000 000 000 000 000 000 
048 -07 006 008 -128 -128 126 -33 046 -05 -03 126 -126 -90 -50 066 -01 -01 126 126 -118 000 000 000 000 000 000 000 000 000 000 000 000 000 000 000 000 000 000 000 000 000 000 000 000 000 000 000 000 000 000 000 000 000 000 000 000 000 000 000 000 000 000 000 
-30 037 004 012 -128 -125 -127 021 -24 000 028 126 -125 120 019 033 -18 016 126 031 -91 000 000 000 000 000 000 000 000 000 000 000 000 000 000 000 000 000 000 000 000 000 000 000 000 000 000 000 000 000 000 000 000 000 000 000 000 000 000 000 000 000 000 000 
032 046 -29 024 -123 118 -120 -58 056 -11 015 -119 -128 -117 -81 024 -07 008 -116 120 -98 000 000 000 000 000 000 000 000 000 000 000 000 000 000 000 000 000 000 000 000 000 000 000 000 000 000 000 000 000 000 000 000 000 000 000 000 000 000 000 000 000 000 000 
029 079 038 -08 123 -128 -116 027 069 -07 007 122 120 -122 080 074 -04 -15 125 111 -115 000 000 000 000 000 000 000 000 000 000 000 000 000 000 000 000 000 000 000 000 000 000 000 000 000 000 000 000 000 000 000 000 000 000 000 000 000 000 000 000 000 000 000 
019 011 -14 009 124 -128 -125 -09 010 -04 002 126 118 126 -52 063 011 013 -128 -128 123 000 000 000 000 000 000 000 000 000 000 000 000 000 000 000 000 000 000 000 000 000 000 000 000 000 000 000 000 000 000 000 000 000 000 000 000 000 000 000 000 000 000 000 
-27 -54 017 009 -128 126 -115 017 053 -10 012 -127 126 -108 056 051 -03 -11 -125 125 -127 000 000 000 000 000 000 000 000 000 000 000 000 000 000 000 000 000 000 000 000 000 000 000 000 000 000 000 000 000 000 000 000 000 000 000 000 000 000 000 000 000 000 000 
069 009 -04 -13 -128 124 -128 041 016 -20 -21 126 126 109 026 -01 -21 007 -125 -128 103 000 000 000 000 000 000 000 000 000 000 000 000 000 000 000 000 000 000 000 000 000 000 000 000 000 000 000 000 000 000 000 000 000 000 000 000 000 000 000 000 000 000 000 
-28 -57 005 -05 -127 125 -83 004 007 003 003 121 063 -123 -26 044 -17 -04 126 -127 116 000 000 000 000 000 000 000 000 000 000 000 000 000 000 000 000 000 000 000 000 000 000 000 000 000 000 000 000 000 000 000 000 000 000 000 000 000 000 000 000 000 000 000 
-14 005 000 010 123 -118 122 -52 055 -18 -04 -09 -126 -57 038 -34 -01 012 126 046 -128 000 000 000 000 000 000 000 000 000 000 000 000 000 000 000 000 000 000 000 000 000 000 000 000 000 000 000 000 000 000 000 000 000 000 000 000 000 000 000 000 000 000 000 
039 048 -13 001 120 -128 -116 060 -34 006 028 122 116 -122 -70 015 013 -24 121 113 126 000 000 000 000 000 000 000 000 000 000 000 000 000 000 000 000 000 000 000 000 000 000 000 000 000 000 000 000 000 000 000 000 000 000 000 000 000 000 000 000 000 000 000 
-48 -01 022 -20 -122 117 126 -59 -41 -09 013 -126 013 -70 -13 021 010 001 126 110 -128 000 000 000 000 000 000 000 000 000 000 000 000 000 000 000 000 000 000 000 000 000 000 000 000 000 000 000 000 000 000 000 000 000 000 000 000 000 000 000 000 000 000 000 
-01 023 014 -14 -128 -127 -126 034 -30 008 -16 122 -128 126 042 048 -02 001 -25 113 -117 000 000 000 000 000 000 000 000 000 000 000 000 000 000 000 000 000 000 000 000 000 000 000 000 000 000 000 000 000 000 000 000 000 000 000 000 000 000 000 000 000 000 000 
055 047 021 013 108 -128 -128 029 -27 -15 005 -126 -127 124 009 -33 -02 -10 -118 106 -126 000 000 000 000 000 000 000 000 000 000 000 000 000 000 000 000 000 000 000 000 000 000 000 000 000 000 000 000 000 000 000 000 000 000 000 000 000 000 000 000 000 000 000 
-10 -50 -01 008 -121 -126 122 -26 -70 -09 012 126 012 117 031 -59 -17 016 -73 087 -128 000 000 000 000 000 000 000 000 000 000 000 000 000 000 000 000 000 000 000 000 000 000 000 000 000 000 000 000 000 000 000 000 000 000 000 000 000 000 000 000 000 000 000 
-23 000 014 004 126 003 -128 053 056 009 -06 -126 -128 -128 -20 052 005 -12 -126 -128 -106 000 000 000 000 000 000 000 000 000 000 000 000 000 000 000 000 000 000 000 000 000 000 000 000 000 000 000 000 000 000 000 000 000 000 000 000 000 000 000 000 000 000 000 
013 -23 023 001 -128 -67 -110 013 -38 -14 004 126 124 062 064 -06 -11 002 126 -79 088 000 000 000 000 000 000 000 000 000 000 000 000 000 000 000 000 000 000 000 000 000 000 000 000 000 000 000 000 000 000 000 000 000 000 000 000 000 000 000 000 000 000 000 
-32 064 -01 -12 101 -128 126 -37 066 006 -15 124 -88 -57 -25 000 -03 -17 -128 126 126 000 000 000 000 000 000 000 000 000 000 000 000 000 000 000 000 000 000 000 000 000 000 000 000 000 000 000 000 000 000 000 000 000 000 000 000 000 000 000 000 000 000 000 
-32 030 005 -10 -123 117 -120 019 007 -38 016 -122 124 126 048 -43 -47 -09 -114 104 -113 000 000 000 000 000 000 000 000 000 000 000 000 000 000 000 000 000 000 000 000 000 000 000 000 000 000 000 000 000 000 000 000 000 000 000 000 000 000 000 000 000 000 000 
-06 059 014 -01 -112 123 -123 -43 058 002 001 -118 -128 -127 -85 076 -06 -14 -116 121 -115 000 000 000 000 000 000 000 000 000 000 000 000 000 000 000 000 000 000 000 000 000 000 000 000 000 000 000 000 000 000 000 000 000 000 000 000 000 000 000 000 000 000 000 
-10 -56 -08 008 -128 068 126 -10 040 -21 -23 -116 121 046 030 006 -14 -08 126 -48 -123 000 000 000 000 000 000 000 000 000 000 000 000 000 000 000 000 000 000 000 000 000 000 000 000 000 000 000 000 000 000 000 000 000 000 000 000 000 000 000 000 000 000 000 
048 -08 022 010 -122 123 126 -49 017 -18 017 123 -128 122 000 -01 -20 014 -127 016 -98 000 000 000 000 000 000 000 000 000 000 000 000 000 000 000 000 000 000 000 000 000 000 000 000 000 000 000 000 000 000 000 000 000 000 000 000 000 000 000 000 000 000 000 
-22 027 027 -15 -121 117 -113 040 015 005 008 -121 -128 126 033 -49 011 003 -121 115 -124 000 000 000 000 000 000 000 000 000 000 000 000 000 000 000 000 000 000 000 000 000 000 000 000 000 000 000 000 000 000 000 000 000 000 000 000 000 000 000 000 000 000 000 
051 -48 025 003 -118 114 126 000 040 012 004 -122 118 -113 -04 -15 016 -25 -119 117 -113 000 000 000 000 000 000 000 000 000 000 000 000 000 000 000 000 000 000 000 000 000 000 000 000 000 000 000 000 000 000 000 000 000 000 000 000 000 000 000 000 000 000 000 
018 009 020 012 -126 078 -116 -30 -43 023 -33 125 124 126 055 050 042 024 -125 113 126 000 000 000 000 000 000 000 000 000 000 000 000 000 000 000 000 000 000 000 000 000 000 000 000 000 000 000 000 000 000 000 000 000 000 000 000 000 000 000 000 000 000 000 
008 035 -02 -10 116 -128 119 -11 -27 -19 -26 -119 096 -127 032 053 -01 -14 126 -128 107 000 000 000 000 000 000 000 000 000 000 000 000 000 000 000 000 000 000 000 000 000 000 000 000 000 000 000 000 000 000 000 000 000 000 000 000 000 000 000 000 000 000 000 
037 026 -07 -06 125 075 -84 -22 -42 -24 011 126 -127 125 -20 035 -18 010 -116 -126 110 000 000 000 000 000 000 000 000 000 000 000 000 000 000 000 000 000 000 000 000 000 000 000 000 000 000 000 000 000 000 000 000 000 000 000 000 000 000 000 000 000 000 000 
027 050 006 003 -128 119 126 040 -37 -03 009 -128 126 125 031 -09 -03 -21 126 126 -124 000 000 000 000 000 000 000 000 000 000 000 000 000 000 000 000 000 000 000 000 000 000 000 000 000 000 000 000 000 000 000 000 000 000 000 000 000 000 000 000 000 000 000 
-19 -45 028 -08 -106 126 125 000 -35 012 006 -117 -128 126 044 068 -13 010 -128 070 004 000 000 000 000 000 000 000 000 000 000 000 000 000 000 000 000 000 000 000 000 000 000 000 000 000 000 000 000 000 000 000 000 000 000 000 000 000 000 000 000 000 000 000 
034 060 -26 -06 126 126 -26 050 -07 017 006 -128 -127 126 038 025 -05 -07 -127 070 048 000 000 000 000 000 000 000 000 000 000 000 000 000 000 000 000 000 000 000 000 000 000 000 000 000 000 000 000 000 000 000 000 000 000 000 000 000 000 000 000 000 000 000 
-51 028 -12 004 115 -127 -120 -52 049 013 000 122 -123 096 -17 -19 -13 017 126 091 -124 000 000 000 000 000 000 000 000 000 000 000 000 000 000 000 000 000 000 000 000 000 000 000 000 000 000 000 000 000 000 000 000 000 000 000 000 000 000 000 000 000 000 000 
011 044 002 -18 -117 120 -125 -53 024 022 011 -119 121 -121 -94 -48 030 -16 -122 125 -123 000 000 000 000 000 000 000 000 000 000 000 000 000 000 000 000 000 000 000 000 000 000 000 000 000 000 000 000 000 000 000 000 000 000 000 000 000 000 000 000 000 000 000 
013 057 011 028 -124 120 -114 020 036 -15 -25 -122 -128 -119 -84 040 006 -16 126 108 -108 000 000 000 000 000 000 000 000 000 000 000 000 000 000 000 000 000 000 000 000 000 000 000 000 000 000 000 000 000 000 000 000 000 000 000 000 000 000 000 000 000 000 000 
-51 -52 023 -22 -106 122 -127 -67 041 005 -02 -120 122 126 -67 017 -07 -22 127 110 122 000 000 000 000 000 000 000 000 000 000 000 000 000 000 000 000 000 000 000 000 000 000 000 000 000 000 000 000 000 000 000 000 000 000 000 000 000 000 000 000 000 000 000 
033 019 017 006 -118 -128 -118 060 -33 023 011 -121 111 126 054 -45 022 -08 -120 113 -120 000 000 000 000 000 000 000 000 000 000 000 000 000 000 000 000 000 000 000 000 000 000 000 000 000 000 000 000 000 000 000 000 000 000 000 000 000 000 000 000 000 000 000 
027 -17 -26 -02 126 -128 126 -51 -55 -09 011 -128 108 126 041 -62 014 -10 126 -106 041 000 000 000 000 000 000 000 000 000 000 000 000 000 000 000 000 000 000 000 000 000 000 000 000 000 000 000 000 000 000 000 000 000 000 000 000 000 000 000 000 000 000 000 
070 -31 041 -02 -105 -127 126 -48 036 008 -09 115 092 -128 054 063 -03 009 119 126 -108 000 000 000 000 000 000 000 000 000 000 000 000 000 000 000 000 000 000 000 000 000 000 000 000 000 000 000 000 000 000 000 000 000 000 000 000 000 000 000 000 000 000 000 
-84 -77 -04 -01 -120 -128 126 -38 -82 007 -02 -123 058 -62 -81 010 004 -14 -126 -25 -11 000 000 000 000 000 000 000 000 000 000 000 000 000 000 000 000 000 000 000 000 000 000 000 000 000 000 000 000 000 000 000 000 000 000 000 000 000 000 000 000 000 000 000 
036 -47 -23 -12 -104 125 -109 066 032 -27 -20 126 -128 -113 046 -56 -21 -13 -121 121 124 000 000 000 000 000 000 000 000 000 000 000 000 000 000 000 000 000 000 000 000 000 000 000 000 000 000 000 000 000 000 000 000 000 000 000 000 000 000 000 000 000 000 000 
022 -10 -12 -17 116 067 -107 -04 037 016 020 -125 126 -127 -45 064 -08 018 126 124 -124 000 000 000 000 000 000 000 000 000 000 000 000 000 000 000 000 000 000 000 000 000 000 000 000 000 000 000 000 000 000 000 000 000 000 000 000 000 000 000 000 000 000 000 
-16 -67 000 -08 -115 114 025 087 -54 -10 -32 -126 -128 126 -11 -70 -13 000 -125 -101 126 000 000 000 000 000 000 000 000 000 000 000 000 000 000 000 000 000 000 000 000 000 000 000 000 000 000 000 000 000 000 000 000 000 000 000 000 000 000 000 000 000 000 000 
044 -01 -28 -05 100 060 121 008 -49 -15 031 -128 -128 -86 018 -04 -16 016 126 126 -128 000 000 000 000 000 000 000 000 000 000 000 000 000 000 000 000 000 000 000 000 000 000 000 000 000 000 000 000 000 000 000 000 000 000 000 000 000 000 000 000 000 000 000 
-36 034 018 -10 004 -124 -128 016 -53 014 -12 -102 -78 -112 051 -04 -13 -05 126 -128 126 000 000 000 000 000 000 000 000 000 000 000 000 000 000 000 000 000 000 000 000 000 000 000 000 000 000 000 000 000 000 000 000 000 000 000 000 000 000 000 000 000 000 000 
-35 -52 -10 -32 -125 122 -119 083 -45 -07 -25 127 115 -123 022 038 -06 -13 126 -128 -119 000 000 000 000 000 000 000 000 000 000 000 000 000 000 000 000 000 000 000 000 000 000 000 000 000 000 000 000 000 000 000 000 000 000 000 000 000 000 000 000 000 000 000 
022 000 036 007 114 117 124 -48 -10 -06 -25 118 -128 -122 -45 036 -17 -05 123 -92 -128 000 000 000 000 000 000 000 000 000 000 000 000 000 000 000 000 000 000 000 000 000 000 000 000 000 000 000 000 000 000 000 000 000 000 000 000 000 000 000 000 000 000 000 
030 -23 014 -07 -127 028 -37 065 -06 -09 -10 123 017 126 -24 -27 -07 -07 -116 -104 -21 000 000 000 000 000 000 000 000 000 000 000 000 000 000 000 000 000 000 000 000 000 000 000 000 000 000 000 000 000 000 000 000 000 000 000 000 000 000 000 000 000 000 000 
011 047 -12 -11 122 117 -124 051 000 -05 006 126 052 -88 055 036 -10 013 120 126 -78 000 000 000 000 000 000 000 000 000 000 000 000 000 000 000 000 000 000 000 000 000 000 000 000 000 000 000 000 000 000 000 000 000 000 000 000 000 000 000 000 000 000 000 
-45 -76 019 -12 -118 121 -125 018 -57 -37 016 -122 124 -120 022 -77 -07 -27 -119 122 126 000 000 000 000 000 000 000 000 000 000 000 000 000 000 000 000 000 000 000 000 000 000 000 000 000 000 000 000 000 000 000 000 000 000 000 000 000 000 000 000 000 000 000 
024 051 013 019 -120 -105 126 -16 061 016 015 -120 101 -120 -30 064 023 -12 -116 116 -123 000 000 000 000 000 000 000 000 000 000 000 000 000 000 000 000 000 000 000 000 000 000 000 000 000 000 000 000 000 000 000 000 000 000 000 000 000 000 000 000 000 000 000 
-48 -54 022 000 -128 116 -121 -14 -33 -07 -16 126 -117 -14 -49 -57 002 -01 -128 115 -120 000 000 000 000 000 000 000 000 000 000 000 000 000 000 000 000 000 000 000 000 000 000 000 000 000 000 000 000 000 000 000 000 000 000 000 000 000 000 000 000 000 000 000 
050 044 -14 -02 126 096 -106 047 -34 -14 -23 120 -128 -128 -62 006 007 007 -122 123 124 000 000 000 000 000 000 000 000 000 000 000 000 000 000 000 000 000 000 000 000 000 000 000 000 000 000 000 000 000 000 000 000 000 000 000 000 000 000 000 000 000 000 000 
-90 050 001 -21 -120 -128 126 -54 047 016 -18 -120 109 -110 -80 -47 023 005 -119 113 -107 000 000 000 000 000 000 000 000 000 000 000 000 000 000 000 000 000 000 000 000 000 000 000 000 000 000 000 000 000 000 000 000 000 000 000 000 000 000 000 000 000 000 000 
-23 -56 008 -16 -128 126 -24 -35 -33 -14 -15 126 -128 125 002 014 -18 009 097 112 126 000 000 000 000 000 000 000 000 000 000 000 000 000 000 000 000 000 000 000 000 000 000 000 000 000 000 000 000 000 000 000 000 000 000 000 000 000 000 000 000 000 000 000 
-51 050 021 015 -127 113 125 055 031 -09 017 121 -110 -127 -11 -15 004 -05 126 035 -126 000 000 000 000 000 000 000 000 000 000 000 000 000 000 000 000 000 000 000 000 000 000 000 000 000 000 000 000 000 000 000 000 000 000 000 000 000 000 000 000 000 000 000 
-12 008 -06 -19 124 126 114 026 -55 -04 -11 122 -128 -09 001 005 -01 009 126 113 -128 000 000 000 000 000 000 000 000 000 000 000 000 000 000 000 000 000 000 000 000 000 000 000 000 000 000 000 000 000 000 000 000 000 000 000 000 000 000 000 000 000 000 000 
-96 -24 -31 037 127 -128 126 -42 -11 -30 -23 -117 106 -113 -80 027 -21 038 127 -128 -110 000 000 000 000 000 000 000 000 000 000 000 000 000 000 000 000 000 000 000 000 000 000 000 000 000 000 000 000 000 000 000 000 000 000 000 000 000 000 000 000 000 000 000 
-72 043 025 017 -122 120 -121 -54 -29 -18 -15 -117 118 -121 017 -78 016 005 -117 114 -115 000 000 000 000 000 000 000 000 000 000 000 000 000 000 000 000 000 000 000 000 000 000 000 000 000 000 000 000 000 000 000 000 000 000 000 000 000 000 000 000 000 000 000 
053 054 021 019 -128 -128 -128 -37 045 -02 012 -128 126 114 -36 035 011 -05 126 -120 126 000 000 000 000 000 000 000 000 000 000 000 000 000 000 000 000 000 000 000 000 000 000 000 000 000 000 000 000 000 000 000 000 000 000 000 000 000 000 000 000 000 000 000 
-49 026 006 015 -128 117 -77 034 007 015 012 126 -23 -123 -54 041 -07 007 122 -127 -13 000 000 000 000 000 000 000 000 000 000 000 000 000 000 000 000 000 000 000 000 000 000 000 000 000 000 000 000 000 000 000 000 000 000 000 000 000 000 000 000 000 000 000 
-104 -14 041 039 -126 -127 -117 -70 028 022 -01 125 106 126 -106 009 029 002 115 100 -81 000 000 000 000 000 000 000 000 000 000 000 000 000 000 000 000 000 000 000 000 000 000 000 000 000 000 000 000 000 000 000 000 000 000 000 000 000 000 000 000 000 000 000 
014 -61 013 003 -125 -128 094 -45 -05 000 019 -117 108 126 -52 -64 012 -02 -128 -125 -70 000 000 000 000 000 000 000 000 000 000 000 000 000 000 000 000 000 000 000 000 000 000 000 000 000 000 000 000 000 000 000 000 000 000 000 000 000 000 000 000 000 000 000 
036 053 -12 055 057 098 -128 021 050 013 082 124 -128 043 -20 042 -02 036 120 -128 126 000 000 000 000 000 000 000 000 000 000 000 000 000 000 000 000 000 000 000 000 000 000 000 000 000 000 000 000 000 000 000 000 000 000 000 000 000 000 000 000 000 000 000 
-14 -35 -20 -19 -99 126 -126 -11 038 -27 013 124 126 093 017 -53 -23 -01 -117 126 -128 000 000 000 000 000 000 000 000 000 000 000 000 000 000 000 000 000 000 000 000 000 000 000 000 000 000 000 000 000 000 000 000 000 000 000 000 000 000 000 000 000 000 000 
038 -52 -21 -16 -112 -128 -128 031 -42 -20 -09 -128 -107 -18 059 061 -22 -20 126 -02 116 000 000 000 000 000 000 000 000 000 000 000 000 000 000 000 000 000 000 000 000 000 000 000 000 000 000 000 000 000 000 000 000 000 000 000 000 000 000 000 000 000 000 000 
045 061 023 003 126 126 -22 -36 052 012 008 -127 107 -128 057 067 016 -17 -128 125 -116 000 000 000 000 000 000 000 000 000 000 000 000 000 000 000 000 000 000 000 000 000 000 000 000 000 000 000 000 000 000 000 000 000 000 000 000 000 000 000 000 000 000 000 
-44 032 -08 010 124 126 126 -06 035 -08 006 126 120 -124 005 048 -06 004 -128 112 -114 000 000 000 000 000 000 000 000 000 000 000 000 000 000 000 000 000 000 000 000 000 000 000 000 000 000 000 000 000 000 000 000 000 000 000 000 000 000 000 000 000 000 000 
054 032 -21 -11 -107 -128 126 -18 -43 021 -35 127 117 -110 053 -52 005 016 -121 -127 -115 000 000 000 000 000 000 000 000 000 000 000 000 000 000 000 000 000 000 000 000 000 000 000 000 000 000 000 000 000 000 000 000 000 000 000 000 000 000 000 000 000 000 000 
-26 050 -30 014 121 -128 -118 -27 052 -15 015 121 115 -123 -47 053 -19 -12 124 116 -109 000 000 000 000 000 000 000 000 000 000 000 000 000 000 000 000 000 000 000 000 000 000 000 000 000 000 000 000 000 000 000 000 000 000 000 000 000 000 000 000 000 000 000 
047 -49 -20 039 -58 114 126 041 -63 015 023 -117 -128 -105 048 -14 018 001 -111 083 -106 000 000 000 000 000 000 000 000 000 000 000 000 000 000 000 000 000 000 000 000 000 000 000 000 000 000 000 000 000 000 000 000 000 000 000 000 000 000 000 000 000 000 000 
016 021 003 -16 -121 114 -113 095 038 -02 -38 -122 111 126 -06 037 019 004 -122 -128 -101 000 000 000 000 000 000 000 000 000 000 000 000 000 000 000 000 000 000 000 000 000 000 000 000 000 000 000 000 000 000 000 000 000 000 000 000 000 000 000 000 000 000 000 
-27 -70 -42 -15 126 120 -118 047 -37 -17 -13 118 118 -122 062 038 -22 -21 127 -128 -112 000 000 000 000 000 000 000 000 000 000 000 000 000 000 000 000 000 000 000 000 000 000 000 000 000 000 000 000 000 000 000 000 000 000 000 000 000 000 000 000 000 000 000 
-47 016 -26 012 -22 -127 115 041 -21 -10 019 126 126 124 047 -32 -08 010 126 098 125 000 000 000 000 000 000 000 000 000 000 000 000 000 000 000 000 000 000 000 000 000 000 000 000 000 000 000 000 000 000 000 000 000 000 000 000 000 000 000 000 000 000 000 
048 072 001 -16 -125 124 -56 001 066 -11 006 126 126 -116 039 060 004 010 126 -22 -86 000 000 000 000 000 000 000 000 000 000 000 000 000 000 000 000 000 000 000 000 000 000 000 000 000 000 000 000 000 000 000 000 000 000 000 000 000 000 000 000 000 000 000 
-02 -26 -27 -14 126 -128 125 -01 056 013 007 -62 -126 -109 058 065 007 -11 126 126 -103 000 000 000 000 000 000 000 000 000 000 000 000 000 000 000 000 000 000 000 000 000 000 000 000 000 000 000 000 000 000 000 000 000 000 000 000 000 000 000 000 000 000 000 
-76 -60 023 -24 125 -128 -120 000 003 -01 -43 -123 110 -110 -48 013 -19 -04 -122 -128 -115 000 000 000 000 000 000 000 000 000 000 000 000 000 000 000 000 000 000 000 000 000 000 000 000 000 000 000 000 000 000 000 000 000 000 000 000 000 000 000 000 000 000 000 
050 -58 -12 001 -128 -128 126 055 013 -02 008 126 -128 -37 002 -61 015 014 123 112 122 000 000 000 000 000 000 000 000 000 000 000 000 000 000 000 000 000 000 000 000 000 000 000 000 000 000 000 000 000 000 000 000 000 000 000 000 000 000 000 000 000 000 000 
034 -62 -20 049 -121 -128 126 -14 -29 -04 044 -112 116 -101 -30 -39 012 015 126 092 -106 000 000 000 000 000 000 000 000 000 000 000 000 000 000 000 000 000 000 000 000 000 000 000 000 000 000 000 000 000 000 000 000 000 000 000 000 000 000 000 000 000 000 000 
-44 061 -07 012 123 -97 -103 024 052 002 011 124 116 -116 033 -01 -08 004 -79 -128 -126 000 000 000 000 000 000 000 000 000 000 000 000 000 000 000 000 000 000 000 000 000 000 000 000 000 000 000 000 000 000 000 000 000 000 000 000 000 000 000 000 000 000 000 
035 -93 009 017 -113 123 -15 029 -92 003 028 -117 126 -118 040 000 -11 023 126 -125 -128 000 000 000 000 000 000 000 000 000 000 000 000 000 000 000 000 000 000 000 000 000 000 000 000 000 000 000 000 000 000 000 000 000 000 000 000 000 000 000 000 000 000 000 
-02 009 012 027 126 126 113 -57 049 010 053 126 -59 037 038 009 002 015 125 125 126 000 000 000 000 000 000 000 000 000 000 000 000 000 000 000 000 000 000 000 000 000 000 000 000 000 000 000 000 000 000 000 000 000 000 000 000 000 000 000 000 000 000 000 
019 023 -26 -23 107 117 -115 -58 -63 -34 001 119 -128 -118 -52 -64 -28 -18 124 114 -114 000 000 000 000 000 000 000 000 000 000 000 000 000 000 000 000 000 000 000 000 000 000 000 000 000 000 000 000 000 000 000 000 000 000 000 000 000 000 000 000 000 000 000 
-30 -11 022 -17 126 126 124 -08 006 -16 004 -128 126 -123 006 008 -04 -10 126 122 -120 000 000 000 000 000 000 000 000 000 000 000 000 000 000 000 000 000 000 000 000 000 000 000 000 000 000 000 000 000 000 000 000 000 000 000 000 000 000 000 000 000 000 000 
-54 010 021 -05 126 -128 013 047 -41 -16 024 119 -128 123 015 042 007 016 120 -128 -97 000 000 000 000 000 000 000 000 000 000 000 000 000 000 000 000 000 000 000 000 000 000 000 000 000 000 000 000 000 000 000 000 000 000 000 000 000 000 000 000 000 000 000 
-18 -15 021 000 -125 -96 126 -49 -45 010 -09 -128 119 -128 -68 -54 018 006 -126 -82 -123 000 000 000 000 000 000 000 000 000 000 000 000 000 000 000 000 000 000 000 000 000 000 000 000 000 000 000 000 000 000 000 000 000 000 000 000 000 000 000 000 000 000 000 
-31 031 -05 -12 126 009 -122 -04 -57 002 -16 -124 110 -127 -27 -64 001 010 -127 084 126 000 000 000 000 000 000 000 000 000 000 000 000 000 000 000 000 000 000 000 000 000 000 000 000 000 000 000 000 000 000 000 000 000 000 000 000 000 000 000 000 000 000 000 
-66 -07 -17 018 -128 122 -109 079 040 -13 023 -122 105 -118 -84 063 -20 017 123 110 -99 000 000 000 000 000 000 000 000 000 000 000 000 000 000 000 000 000 000 000 000 000 000 000 000 000 000 000 000 000 000 000 000 000 000 000 000 000 000 000 000 000 000 000 
032 -24 -30 047 -115 121 -124 -34 034 -03 036 -121 119 -107 051 035 -01 010 -116 114 -120 000 000 000 000 000 000 000 000 000 000 000 000 000 000 000 000 000 000 000 000 000 000 000 000 000 000 000 000 000 000 000 000 000 000 000 000 000 000 000 000 000 000 000 
025 -21 017 002 -121 -114 -128 056 -21 -25 025 -127 -125 125 -58 029 018 -19 -105 066 126 000 000 000 000 000 000 000 000 000 000 000 000 000 000 000 000 000 000 000 000 000 000 000 000 000 000 000 000 000 000 000 000 000 000 000 000 000 000 000 000 000 000 000 
029 -13 026 000 125 118 126 -45 -58 -01 -10 -128 -128 126 001 -49 -02 011 -128 -128 -128 000 000 000 000 000 000 000 000 000 000 000 000 000 000 000 000 000 000 000 000 000 000 000 000 000 000 000 000 000 000 000 000 000 000 000 000 000 000 000 000 000 000 000 
-81 034 052 002 125 119 -125 -51 -46 013 035 -120 122 -117 -76 -69 032 016 122 118 -111 000 000 000 000 000 000 000 000 000 000 000 000 000 000 000 000 000 000 000 000 000 000 000 000 000 000 000 000 000 000 000 000 000 000 000 000 000 000 000 000 000 000 000 
-01 020 009 -09 -112 -53 122 -55 046 017 -22 125 -128 -128 -57 070 -15 007 120 123 -40 000 000 000 000 000 000 000 000 000 000 000 000 000 000 000 000 000 000 000 000 000 000 000 000 000 000 000 000 000 000 000 000 000 000 000 000 000 000 000 000 000 000 000 
014 -39 -21 000 -128 126 -128 -46 -21 -20 -04 126 -110 084 048 060 009 -19 098 -128 035 000 000 000 000 000 000 000 000 000 000 000 000 000 000 000 000 000 000 000 000 000 000 000 000 000 000 000 000 000 000 000 000 000 000 000 000 000 000 000 000 000 000 000 
042 043 017 -17 127 119 -122 -23 -47 -32 008 -117 -128 126 023 035 012 -03 -119 120 -119 000 000 000 000 000 000 000 000 000 000 000 000 000 000 000 000 000 000 000 000 000 000 000 000 000 000 000 000 000 000 000 000 000 000 000 000 000 000 000 000 000 000 000 
071 057 004 -14 117 125 -122 063 073 -14 -05 -124 119 -126 079 079 -17 -02 -118 122 -122 000 000 000 000 000 000 000 000 000 000 000 000 000 000 000 000 000 000 000 000 000 000 000 000 000 000 000 000 000 000 000 000 000 000 000 000 000 000 000 000 000 000 000 
-42 -21 030 008 122 -128 122 -21 -17 003 -14 -128 126 -125 -51 -68 003 000 -128 122 126 000 000 000 000 000 000 000 000 000 000 000 000 000 000 000 000 000 000 000 000 000 000 000 000 000 000 000 000 000 000 000 000 000 000 000 000 000 000 000 000 000 000 000 
-60 -04 -27 -04 106 -115 126 -26 -60 -21 -13 -57 126 077 -52 -40 -21 -14 -123 124 -109 000 000 000 000 000 000 000 000 000 000 000 000 000 000 000 000 000 000 000 000 000 000 000 000 000 000 000 000 000 000 000 000 000 000 000 000 000 000 000 000 000 000 000 
030 -22 021 -09 -126 -128 122 -07 001 -25 019 -128 126 -63 013 024 -19 -20 -128 126 -128 000 000 000 000 000 000 000 000 000 000 000 000 000 000 000 000 000 000 000 000 000 000 000 000 000 000 000 000 000 000 000 000 000 000 000 000 000 000 000 000 000 000 000 
-44 062 004 009 123 126 -128 053 -19 -06 -21 -119 -124 123 -31 -03 -11 004 -128 122 117 000 000 000 000 000 000 000 000 000 000 000 000 000 000 000 000 000 000 000 000 000 000 000 000 000 000 000 000 000 000 000 000 000 000 000 000 000 000 000 000 000 000 000 
-30 -26 005 006 126 -63 077 016 053 001 019 -128 -91 122 -49 -64 004 -01 099 094 126 000 000 000 000 000 000 000 000 000 000 000 000 000 000 000 000 000 000 000 000 000 000 000 000 000 000 000 000 000 000 000 000 000 000 000 000 000 000 000 000 000 000 000 
-45 062 025 -28 -123 121 -113 -49 039 -12 008 -114 125 -128 025 069 -24 -12 -120 124 -127 000 000 000 000 000 000 000 000 000 000 000 000 000 000 000 000 000 000 000 000 000 000 000 000 000 000 000 000 000 000 000 000 000 000 000 000 000 000 000 000 000 000 000 
005 026 -23 -12 -117 -125 126 022 032 -02 -16 -128 124 -59 -42 011 -04 -15 126 123 126 000 000 000 000 000 000 000 000 000 000 000 000 000 000 000 000 000 000 000 000 000 000 000 000 000 000 000 000 000 000 000 000 000 000 000 000 000 000 000 000 000 000 000 
031 -08 -42 002 127 119 126 074 -52 -12 -27 127 114 -109 -22 -48 -32 018 -114 125 126 000 000 000 000 000 000 000 000 000 000 000 000 000 000 000 000 000 000 000 000 000 000 000 000 000 000 000 000 000 000 000 000 000 000 000 000 000 000 000 000 000 000 000 
077 008 -21 -10 126 121 121 014 005 -03 -04 -127 037 -125 055 058 -07 003 -127 -127 106 000 000 000 000 000 000 000 000 000 000 000 000 000 000 000 000 000 000 000 000 000 000 000 000 000 000 000 000 000 000 000 000 000 000 000 000 000 000 000 000 000 000 000 
053 -15 -15 008 126 -128 126 -20 053 -17 -11 -128 -127 109 -22 048 -20 -12 126 -128 -127 000 000 000 000 000 000 000 000 000 000 000 000 000 000 000 000 000 000 000 000 000 000 000 000 000 000 000 000 000 000 000 000 000 000 000 000 000 000 000 000 000 000 000 
049 -44 022 -18 039 124 -126 -03 -52 006 018 -128 119 -122 023 -68 -11 -10 -128 125 -128 000 000 000 000 000 000 000 000 000 000 000 000 000 000 000 000 000 000 000 000 000 000 000 000 000 000 000 000 000 000 000 000 000 000 000 000 000 000 000 000 000 000 000 
039 025 011 -05 -01 -84 -71 042 -12 -12 001 -128 065 069 -16 053 -19 -09 126 044 -128 000 000 000 000 000 000 000 000 000 000 000 000 000 000 000 000 000 000 000 000 000 000 000 000 000 000 000 000 000 000 000 000 000 000 000 000 000 000 000 000 000 000 000 
-37 -57 010 -21 126 -36 126 -40 -17 000 011 -128 -127 -77 042 063 008 004 126 -02 -63 000 000 000 000 000 000 000 000 000 000 000 000 000 000 000 000 000 000 000 000 000 000 000 000 000 000 000 000 000 000 000 000 000 000 000 000 000 000 000 000 000 000 000 
-50 -05 024 -02 123 092 126 -55 -39 -01 -07 -128 036 083 -32 004 015 005 -128 -128 -99 000 000 000 000 000 000 000 000 000 000 000 000 000 000 000 000 000 000 000 000 000 000 000 000 000 000 000 000 000 000 000 000 000 000 000 000 000 000 000 000 000 000 000 
017 021 019 -03 127 121 -45 010 029 016 005 -122 -128 -103 004 -52 -17 003 -122 123 118 000 000 000 000 000 000 000 000 000 000 000 000 000 000 000 000 000 000 000 000 000 000 000 000 000 000 000 000 000 000 000 000 000 000 000 000 000 000 000 000 000 000 000 
-41 -47 -27 002 125 126 -128 -08 -04 005 015 126 124 -120 -20 -58 -15 -08 126 -112 -34 000 000 000 000 000 000 000 000 000 000 000 000 000 000 000 000 000 000 000 000 000 000 000 000 000 000 000 000 000 000 000 000 000 000 000 000 000 000 000 000 000 000 000 
000 -36 -22 004 126 -56 -120 048 022 020 000 -128 123 -119 -52 013 015 -10 122 126 -128 000 000 000 000 000 000 000 000 000 000 000 000 000 000 000 000 000 000 000 000 000 000 000 000 000 000 000 000 000 000 000 000 000 000 000 000 000 000 000 000 000 000 000 
-80 -49 019 -24 -121 114 -116 097 027 000 -51 -121 113 -114 039 061 013 -05 127 114 126 000 000 000 000 000 000 000 000 000 000 000 000 000 000 000 000 000 000 000 000 000 000 000 000 000 000 000 000 000 000 000 000 000 000 000 000 000 000 000 000 000 000 000 
-46 029 -40 -22 113 -128 -112 017 -43 -25 -29 -128 126 -85 042 -28 -31 -06 -122 -88 126 000 000 000 000 000 000 000 000 000 000 000 000 000 000 000 000 000 000 000 000 000 000 000 000 000 000 000 000 000 000 000 000 000 000 000 000 000 000 000 000 000 000 000 
027 012 -25 -23 126 -66 -101 017 036 012 -26 126 126 070 018 -11 007 009 -124 -128 099 000 000 000 000 000 000 000 000 000 000 000 000 000 000 000 000 000 000 000 000 000 000 000 000 000 000 000 000 000 000 000 000 000 000 000 000 000 000 000 000 000 000 000 
002 -55 -34 -17 -126 -36 -125 049 -24 -14 -33 -128 036 -109 -17 -58 007 -32 -115 090 077 000 000 000 000 000 000 000 000 000 000 000 000 000 000 000 000 000 000 000 000 000 000 000 000 000 000 000 000 000 000 000 000 000 000 000 000 000 000 000 000 000 000 000 
-38 030 025 -05 126 037 -81 -53 -50 -10 023 -128 126 005 003 047 003 003 -128 126 122 000 000 000 000 000 000 000 000 000 000 000 000 000 000 000 000 000 000 000 000 000 000 000 000 000 000 000 000 000 000 000 000 000 000 000 000 000 000 000 000 000 000 000 
053 -27 -18 -09 -128 126 -127 -22 -05 -18 010 -124 -121 -128 -01 -18 005 002 -128 094 126 000 000 000 000 000 000 000 000 000 000 000 000 000 000 000 000 000 000 000 000 000 000 000 000 000 000 000 000 000 000 000 000 000 000 000 000 000 000 000 000 000 000 000 
048 008 -56 -21 -120 115 126 053 036 -40 -13 -117 114 -110 056 -29 -01 -01 -117 111 -104 000 000 000 000 000 000 000 000 000 000 000 000 000 000 000 000 000 000 000 000 000 000 000 000 000 000 000 000 000 000 000 000 000 000 000 000 000 000 000 000 000 000 000 
-11 051 018 -09 126 126 126 -01 -06 018 021 -128 086 126 053 053 -09 -10 126 -123 124 000 000 000 000 000 000 000 000 000 000 000 000 000 000 000 000 000 000 000 000 000 000 000 000 000 000 000 000 000 000 000 000 000 000 000 000 000 000 000 000 000 000 000 
036 051 -06 -04 126 126 -64 018 011 016 016 126 074 -128 -10 -49 000 -06 124 -128 083 000 000 000 000 000 000 000 000 000 000 000 000 000 000 000 000 000 000 000 000 000 000 000 000 000 000 000 000 000 000 000 000 000 000 000 000 000 000 000 000 000 000 000 
-14 018 -26 004 124 -125 -117 052 -32 -04 004 126 -128 126 -29 -19 014 -02 126 125 -123 000 000 000 000 000 000 000 000 000 000 000 000 000 000 000 000 000 000 000 000 000 000 000 000 000 000 000 000 000 000 000 000 000 000 000 000 000 000 000 000 000 000 000 
025 -29 027 049 -122 109 -121 -23 -39 017 026 -120 118 126 036 -07 025 011 -120 -128 -116 000 000 000 000 000 000 000 000 000 000 000 000 000 000 000 000 000 000 000 000 000 000 000 000 000 000 000 000 000 000 000 000 000 000 000 000 000 000 000 000 000 000 000 
057 049 042 044 -115 125 -113 083 061 009 019 -120 110 -110 065 045 006 017 -109 126 126 000 000 000 000 000 000 000 000 000 000 000 000 000 000 000 000 000 000 000 000 000 000 000 000 000 000 000 000 000 000 000 000 000 000 000 000 000 000 000 000 000 000 000 
-56 -04 018 -14 -128 -117 081 -16 032 -06 -27 126 -127 126 -37 017 012 -10 068 110 125 000 000 000 000 000 000 000 000 000 000 000 000 000 000 000 000 000 000 000 000 000 000 000 000 000 000 000 000 000 000 000 000 000 000 000 000 000 000 000 000 000 000 000 
-26 060 014 026 126 -128 125 -28 065 -06 039 127 115 -121 020 050 002 011 126 126 -88 000 000 000 000 000 000 000 000 000 000 000 000 000 000 000 000 000 000 000 000 000 000 000 000 000 000 000 000 000 000 000 000 000 000 000 000 000 000 000 000 000 000 000 
065 -54 -16 -01 -104 -128 -128 086 010 008 009 -122 121 -84 045 -64 011 -01 -119 103 126 000 000 000 000 000 000 000 000 000 000 000 000 000 000 000 000 000 000 000 000 000 000 000 000 000 000 000 000 000 000 000 000 000 000 000 000 000 000 000 000 000 000 000 
031 -46 043 006 -124 117 -125 -47 -37 -06 -32 -122 122 -122 -39 -54 026 -22 -121 119 -120 000 000 000 000 000 000 000 000 000 000 000 000 000 000 000 000 000 000 000 000 000 000 000 000 000 000 000 000 000 000 000 000 000 000 000 000 000 000 000 000 000 000 000 
-50 055 027 017 125 -127 -96 -15 034 011 001 124 126 126 -02 061 003 -09 123 -127 126 000 000 000 000 000 000 000 000 000 000 000 000 000 000 000 000 000 000 000 000 000 000 000 000 000 000 000 000 000 000 000 000 000 000 000 000 000 000 000 000 000 000 000 
-60 -21 025 006 126 -127 -115 017 -35 012 -10 126 126 126 -42 -01 -20 006 125 -15 126 000 000 000 000 000 000 000 000 000 000 000 000 000 000 000 000 000 000 000 000 000 000 000 000 000 000 000 000 000 000 000 000 000 000 000 000 000 000 000 000 000 000 000 
-13 -83 -13 012 112 119 126 057 024 -30 -06 114 -128 -122 -61 -51 -17 -26 127 125 126 000 000 000 000 000 000 000 000 000 000 000 000 000 000 000 000 000 000 000 000 000 000 000 000 000 000 000 000 000 000 000 000 000 000 000 000 000 000 000 000 000 000 000 
005 046 -27 000 123 124 -125 -77 000 -31 -29 121 124 -128 -53 045 -36 -21 123 124 -121 000 000 000 000 000 000 000 000 000 000 000 000 000 000 000 000 000 000 000 000 000 000 000 000 000 000 000 000 000 000 000 000 000 000 000 000 000 000 000 000 000 000 000 
039 059 006 007 -128 072 126 -49 033 -10 -22 126 -128 072 026 036 003 -10 -103 126 008 000 000 000 000 000 000 000 000 000 000 000 000 000 000 000 000 000 000 000 000 000 000 000 000 000 000 000 000 000 000 000 000 000 000 000 000 000 000 000 000 000 000 000 
-01 -41 045 041 127 118 -127 080 -65 022 031 -118 -128 -111 059 -55 -01 013 -122 101 -112 000 000 000 000 000 000 000 000 000 000 000 000 000 000 000 000 000 000 000 000 000 000 000 000 000 000 000 000 000 000 000 000 000 000 000 000 000 000 000 000 000 000 000 
028 017 009 003 -122 -124 -69 034 -06 -15 -19 126 -126 -128 059 029 -10 014 -25 124 099 000 000 000 000 000 000 000 000 000 000 000 000 000 000 000 000 000 000 000 000 000 000 000 000 000 000 000 000 000 000 000 000 000 000 000 000 000 000 000 000 000 000 000 
-52 -27 -02 -18 -128 126 -128 022 001 013 017 124 056 121 -32 022 -08 004 119 126 -79 000 000 000 000 000 000 000 000 000 000 000 000 000 000 000 000 000 000 000 000 000 000 000 000 000 000 000 000 000 000 000 000 000 000 000 000 000 000 000 000 000 000 000 
046 022 009 -01 -106 119 -128 021 005 007 007 -122 -108 125 003 004 014 009 -119 126 126 000 000 000 000 000 000 000 000 000 000 000 000 000 000 000 000 000 000 000 000 000 000 000 000 000 000 000 000 000 000 000 000 000 000 000 000 000 000 000 000 000 000 000 
003 -62 051 -18 126 124 -125 -60 012 010 015 121 125 -123 028 -77 -19 -21 119 123 -125 000 000 000 000 000 000 000 000 000 000 000 000 000 000 000 000 000 000 000 000 000 000 000 000 000 000 000 000 000 000 000 000 000 000 000 000 000 000 000 000 000 000 000 
039 -54 -27 013 -128 099 126 011 -53 -25 -14 -128 112 -85 074 -66 -24 005 126 -128 -103 000 000 000 000 000 000 000 000 000 000 000 000 000 000 000 000 000 000 000 000 000 000 000 000 000 000 000 000 000 000 000 000 000 000 000 000 000 000 000 000 000 000 000 
-51 039 -17 005 -123 -87 126 -51 048 -01 -06 -128 -79 109 -40 052 -16 003 -126 115 -125 000 000 000 000 000 000 000 000 000 000 000 000 000 000 000 000 000 000 000 000 000 000 000 000 000 000 000 000 000 000 000 000 000 000 000 000 000 000 000 000 000 000 000 
025 -10 027 -03 -124 -128 124 -34 -53 -18 005 126 126 029 -46 004 013 016 -127 -125 -128 000 000 000 000 000 000 000 000 000 000 000 000 000 000 000 000 000 000 000 000 000 000 000 000 000 000 000 000 000 000 000 000 000 000 000 000 000 000 000 000 000 000 000 
013 000 -28 -10 124 -128 126 022 -10 -04 -16 -128 -128 034 018 023 -09 -17 -128 -123 -28 000 000 000 000 000 000 000 000 000 000 000 000 000 000 000 000 000 000 000 000 000 000 000 000 000 000 000 000 000 000 000 000 000 000 000 000 000 000 000 000 000 000 000 
011 006 001 011 -128 -127 -128 -40 -21 -08 025 -126 126 126 028 001 -10 -01 122 -14 -108 000 000 000 000 000 000 000 000 000 000 000 000 000 000 000 000 000 000 000 000 000 000 000 000 000 000 000 000 000 000 000 000 000 000 000 000 000 000 000 000 000 000 000 
024 -12 -20 017 -128 088 098 054 -19 017 020 -57 126 -110 -43 -41 -11 018 126 -128 126 000 000 000 000 000 000 000 000 000 000 000 000 000 000 000 000 000 000 000 000 000 000 000 000 000 000 000 000 000 000 000 000 000 000 000 000 000 000 000 000 000 000 000 
-62 004 -28 -09 -128 126 075 -71 -49 006 007 124 126 -71 -69 -59 003 -13 126 079 -109 000 000 000 000 000 000 000 000 000 000 000 000 000 000 000 000 000 000 000 000 000 000 000 000 000 000 000 000 000 000 000 000 000 000 000 000 000 000 000 000 000 000 000 
048 -03 -03 008 126 100 126 -17 -50 001 015 126 -124 -128 046 004 -20 -09 050 -126 -128 000 000 000 000 000 000 000 000 000 000 000 000 000 000 000 000 000 000 000 000 000 000 000 000 000 000 000 000 000 000 000 000 000 000 000 000 000 000 000 000 000 000 000 
-43 027 017 003 -33 -128 126 004 029 -09 022 124 121 126 -64 056 014 -18 -128 -92 125 000 000 000 000 000 000 000 000 000 000 000 000 000 000 000 000 000 000 000 000 000 000 000 000 000 000 000 000 000 000 000 000 000 000 000 000 000 000 000 000 000 000 000 
-38 023 -23 -07 126 086 112 -44 -03 007 019 -128 115 034 004 -27 003 -13 121 121 -128 000 000 000 000 000 000 000 000 000 000 000 000 000 000 000 000 000 000 000 000 000 000 000 000 000 000 000 000 000 000 000 000 000 000 000 000 000 000 000 000 000 000 000 
031 059 025 001 -64 115 -93 015 -18 006 012 -128 -124 120 -61 059 011 -03 126 108 126 000 000 000 000 000 000 000 000 000 000 000 000 000 000 000 000 000 000 000 000 000 000 000 000 000 000 000 000 000 000 000 000 000 000 000 000 000 000 000 000 000 000 000 
054 -66 -22 003 126 121 -120 -36 -58 -11 -12 -104 115 -127 -31 -66 002 -27 115 120 -120 000 000 000 000 000 000 000 000 000 000 000 000 000 000 000 000 000 000 000 000 000 000 000 000 000 000 000 000 000 000 000 000 000 000 000 000 000 000 000 000 000 000 000 
-05 -47 -26 001 -35 -83 090 -40 013 002 023 -124 -122 063 051 041 -03 -11 -125 -119 117 000 000 000 000 000 000 000 000 000 000 000 000 000 000 000 000 000 000 000 000 000 000 000 000 000 000 000 000 000 000 000 000 000 000 000 000 000 000 000 000 000 000 000 
023 012 -15 020 123 120 -117 017 -03 -15 025 126 116 -107 -32 -27 001 013 -128 118 -124 000 000 000 000 000 000 000 000 000 000 000 000 000 000 000 000 000 000 000 000 000 000 000 000 000 000 000 000 000 000 000 000 000 000 000 000 000 000 000 000 000 000 000 
-60 030 -14 -23 126 -94 -128 021 -42 -16 021 -84 -127 -122 015 001 -10 018 -128 -125 126 000 000 000 000 000 000 000 000 000 000 000 000 000 000 000 000 000 000 000 000 000 000 000 000 000 000 000 000 000 000 000 000 000 000 000 000 000 000 000 000 000 000 000 
-38 042 066 -20 126 126 126 037 055 045 -31 -128 124 -125 030 029 051 -18 -128 -126 126 000 000 000 000 000 000 000 000 000 000 000 000 000 000 000 000 000 000 000 000 000 000 000 000 000 000 000 000 000 000 000 000 000 000 000 000 000 000 000 000 000 000 000 
-76 -63 -09 020 -116 098 126 -69 -53 -04 -04 -108 -128 -119 -96 -70 000 014 -121 086 -82 000 000 000 000 000 000 000 000 000 000 000 000 000 000 000 000 000 000 000 000 000 000 000 000 000 000 000 000 000 000 000 000 000 000 000 000 000 000 000 000 000 000 000 
024 041 -20 015 120 -128 -123 040 032 022 007 123 123 -123 045 029 008 -01 120 126 -127 000 000 000 000 000 000 000 000 000 000 000 000 000 000 000 000 000 000 000 000 000 000 000 000 000 000 000 000 000 000 000 000 000 000 000 000 000 000 000 000 000 000 000 
-45 -11 -09 -14 126 -122 -49 -27 053 -22 008 -128 126 -105 -41 -21 -17 -16 126 -26 -123 000 000 000 000 000 000 000 000 000 000 000 000 000 000 000 000 000 000 000 000 000 000 000 000 000 000 000 000 000 000 000 000 000 000 000 000 000 000 000 000 000 000 000 
-34 -08 048 001 -126 -123 -122 -68 -19 038 009 117 -128 -118 -73 -37 039 001 120 124 124 000 000 000 000 000 000 000 000 000 000 000 000 000 000 000 000 000 000 000 000 000 000 000 000 000 000 000 000 000 000 000 000 000 000 000 000 000 000 000 000 000 000 000 
060 002 018 -04 112 123 -125 039 016 004 014 121 -125 -124 069 -21 -07 -03 -128 121 -115 000 000 000 000 000 000 000 000 000 000 000 000 000 000 000 000 000 000 000 000 000 000 000 000 000 000 000 000 000 000 000 000 000 000 000 000 000 000 000 000 000 000 000 
043 050 015 -04 126 112 -128 -38 -30 -17 -26 -126 -128 103 -62 042 011 -16 125 116 -60 000 000 000 000 000 000 000 000 000 000 000 000 000 000 000 000 000 000 000 000 000 000 000 000 000 000 000 000 000 000 000 000 000 000 000 000 000 000 000 000 000 000 000 
-71 -91 -12 020 -84 113 -124 -58 -53 012 033 127 121 -87 -52 -85 009 008 -109 115 126 000 000 000 000 000 000 000 000 000 000 000 000 000 000 000 000 000 000 000 000 000 000 000 000 000 000 000 000 000 000 000 000 000 000 000 000 000 000 000 000 000 000 000 
-52 030 -25 010 -128 -102 -128 -32 -26 -03 -08 -73 -126 065 002 028 017 018 126 -115 111 000 000 000 000 000 000 000 000 000 000 000 000 000 000 000 000 000 000 000 000 000 000 000 000 000 000 000 000 000 000 000 000 000 000 000 000 000 000 000 000 000 000 000 
-54 -69 -45 002 -126 -127 -126 061 -58 -21 -10 126 121 123 -26 011 -16 -20 -109 -127 126 000 000 000 000 000 000 000 000 000 000 000 000 000 000 000 000 000 000 000 000 000 000 000 000 000 000 000 000 000 000 000 000 000 000 000 000 000 000 000 000 000 000 000 
-33 045 -10 -14 125 126 103 011 046 011 014 119 -109 -108 048 -14 -06 000 -128 094 124 000 000 000 000 000 000 000 000 000 000 000 000 000 000 000 000 000 000 000 000 000 000 000 000 000 000 000 000 000 000 000 000 000 000 000 000 000 000 000 000 000 000 000 
-58 -01 035 045 -122 124 -124 035 059 023 045 -115 121 120 -50 046 018 008 -124 116 126 000 000 000 000 000 000 000 000 000 000 000 000 000 000 000 000 000 000 000 000 000 000 000 000 000 000 000 000 000 000 000 000 000 000 000 000 000 000 000 000 000 000 000 
-58 024 -16 -05 -124 -128 048 -46 025 008 -19 126 126 -107 050 -23 011 005 -114 098 -128 000 000 000 000 000 000 000 000 000 000 000 000 000 000 000 000 000 000 000 000 000 000 000 000 000 000 000 000 000 000 000 000 000 000 000 000 000 000 000 000 000 000 000 
015 005 -26 -14 105 121 126 -50 035 -09 024 123 117 126 029 044 -04 -07 -127 -126 -97 000 000 000 000 000 000 000 000 000 000 000 000 000 000 000 000 000 000 000 000 000 000 000 000 000 000 000 000 000 000 000 000 000 000 000 000 000 000 000 000 000 000 000 
-09 001 -16 008 -128 093 125 036 -32 -04 028 -127 -111 126 -21 025 -18 -12 -128 104 092 000 000 000 000 000 000 000 000 000 000 000 000 000 000 000 000 000 000 000 000 000 000 000 000 000 000 000 000 000 000 000 000 000 000 000 000 000 000 000 000 000 000 000 
032 -37 -43 -24 109 111 126 -57 -72 013 -01 124 117 126 058 -52 -21 -24 -122 109 -101 000 000 000 000 000 000 000 000 000 000 000 000 000 000 000 000 000 000 000 000 000 000 000 000 000 000 000 000 000 000 000 000 000 000 000 000 000 000 000 000 000 000 000 
-53 020 003 -17 -128 -124 126 -46 046 012 006 -126 -128 125 026 -26 -03 001 -109 -128 -112 000 000 000 000 000 000 000 000 000 000 000 000 000 000 000 000 000 000 000 000 000 000 000 000 000 000 000 000 000 000 000 000 000 000 000 000 000 000 000 000 000 000 000 
018 -64 046 -04 -128 -128 -123 063 -54 012 -27 121 120 126 048 -44 028 -04 119 116 -127 000 000 000 000 000 000 000 000 000 000 000 000 000 000 000 000 000 000 000 000 000 000 000 000 000 000 000 000 000 000 000 000 000 000 000 000 000 000 000 000 000 000 000 
061 031 -01 008 126 -128 104 068 -37 -02 -16 124 112 -128 066 023 003 -08 125 -128 -52 000 000 000 000 000 000 000 000 000 000 000 000 000 000 000 000 000 000 000 000 000 000 000 000 000 000 000 000 000 000 000 000 000 000 000 000 000 000 000 000 000 000 000 
047 -61 -12 -22 125 103 -87 -32 -35 006 -17 -128 -128 078 027 -69 011 -23 126 102 -104 000 000 000 000 000 000 000 000 000 000 000 000 000 000 000 000 000 000 000 000 000 000 000 000 000 000 000 000 000 000 000 000 000 000 000 000 000 000 000 000 000 000 000 
-88 018 015 020 -119 -128 -117 -72 -07 003 022 -120 058 -120 -90 -30 -17 024 -122 096 -118 000 000 000 000 000 000 000 000 000 000 000 000 000 000 000 000 000 000 000 000 000 000 000 000 000 000 000 000 000 000 000 000 000 000 000 000 000 000 000 000 000 000 000 
-11 -15 -30 026 126 -128 126 -02 -46 -13 015 -124 114 -128 -44 032 -21 024 126 -128 -128 000 000 000 000 000 000 000 000 000 000 000 000 000 000 000 000 000 000 000 000 000 000 000 000 000 000 000 000 000 000 000 000 000 000 000 000 000 000 000 000 000 000 000 
026 015 -01 011 115 -124 -111 013 046 -06 028 118 -128 -121 -40 050 016 -14 124 093 -124 000 000 000 000 000 000 000 000 000 000 000 000 000 000 000 000 000 000 000 000 000 000 000 000 000 000 000 000 000 000 000 000 000 000 000 000 000 000 000 000 000 000 000 
025 036 007 016 118 054 -128 -31 059 003 004 -98 126 126 -21 051 015 -06 123 097 -126 000 000 000 000 000 000 000 000 000 000 000 000 000 000 000 000 000 000 000 000 000 000 000 000 000 000 000 000 000 000 000 000 000 000 000 000 000 000 000 000 000 000 000 
-45 054 -32 -13 -110 119 126 -48 029 000 -01 -120 116 -121 024 070 -12 -04 -119 114 -106 000 000 000 000 000 000 000 000 000 000 000 000 000 000 000 000 000 000 000 000 000 000 000 000 000 000 000 000 000 000 000 000 000 000 000 000 000 000 000 000 000 000 000 
044 035 -01 -17 -128 -45 -61 -42 036 -06 -13 126 126 -128 012 -05 -11 109 -128 122 126 000 000 000 000 000 000 000 000 000 000 000 000 000 000 000 000 000 000 000 000 000 000 000 000 000 000 000 000 000 000 000 000 000 000 000 000 000 000 000 000 000 000 000 
-64 -34 -25 000 122 -124 -125 -55 -50 005 009 119 118 -116 -47 023 -07 -08 118 -128 126 000 000 000 000 000 000 000 000 000 000 000 000 000 000 000 000 000 000 000 000 000 000 000 000 000 000 000 000 000 000 000 000 000 000 000 000 000 000 000 000 000 000 000 
-56 023 -50 -06 127 -128 -106 013 031 -41 -51 121 108 -127 -61 007 -27 -28 -119 112 126 000 000 000 000 000 000 000 000 000 000 000 000 000 000 000 000 000 000 000 000 000 000 000 000 000 000 000 000 000 000 000 000 000 000 000 000 000 000 000 000 000 000 000 
-52 -42 -01 -12 125 126 -128 -63 -48 -07 016 126 126 -127 -15 -55 006 005 -128 109 -128 000 000 000 000 000 000 000 000 000 000 000 000 000 000 000 000 000 000 000 000 000 000 000 000 000 000 000 000 000 000 000 000 000 000 000 000 000 000 000 000 000 000 000 
047 043 -13 -12 126 039 125 -39 -40 011 000 119 126 126 -33 -46 002 016 126 126 -128 000 000 000 000 000 000 000 000 000 000 000 000 000 000 000 000 000 000 000 000 000 000 000 000 000 000 000 000 000 000 000 000 000 000 000 000 000 000 000 000 000 000 000 
-24 -43 -17 -15 -128 -128 126 048 025 -15 -16 126 -122 -128 039 -45 000 -03 -128 -97 100 000 000 000 000 000 000 000 000 000 000 000 000 000 000 000 000 000 000 000 000 000 000 000 000 000 000 000 000 000 000 000 000 000 000 000 000 000 000 000 000 000 000 000 
-35 046 018 -13 -126 126 096 -28 066 014 -25 -13 126 -99 -41 056 -07 010 126 109 -48 000 000 000 000 000 000 000 000 000 000 000 000 000 000 000 000 000 000 000 000 000 000 000 000 000 000 000 000 000 000 000 000 000 000 000 000 000 000 000 000 000 000 000 
007 066 -11 017 -128 123 -120 -19 039 -04 025 004 123 126 026 -02 -21 -01 120 116 126 000 000 000 000 000 000 000 000 000 000 000 000 000 000 000 000 000 000 000 000 000 000 000 000 000 000 000 000 000 000 000 000 000 000 000 000 000 000 000 000 000 000 000 
066 062 051 -18 -114 124 -127 058 018 018 -01 126 -127 -126 014 045 002 -32 -116 123 -128 000 000 000 000 000 000 000 000 000 000 000 000 000 000 000 000 000 000 000 000 000 000 000 000 000 000 000 000 000 000 000 000 000 000 000 000 000 000 000 000 000 000 000 
024 -32 -01 001 053 126 121 -16 -45 -04 011 -128 126 075 -37 -08 -05 -19 -128 -124 037 000 000 000 000 000 000 000 000 000 000 000 000 000 000 000 000 000 000 000 000 000 000 000 000 000 000 000 000 000 000 000 000 000 000 000 000 000 000 000 000 000 000 000 
052 066 -15 -02 -122 -72 -128 -18 075 023 007 -116 053 109 062 060 003 -03 -123 126 -126 000 000 000 000 000 000 000 000 000 000 000 000 000 000 000 000 000 000 000 000 000 000 000 000 000 000 000 000 000 000 000 000 000 000 000 000 000 000 000 000 000 000 000 
-34 047 014 018 112 120 -122 016 004 012 039 116 116 -125 007 015 018 013 -128 122 087 000 000 000 000 000 000 000 000 000 000 000 000 000 000 000 000 000 000 000 000 000 000 000 000 000 000 000 000 000 000 000 000 000 000 000 000 000 000 000 000 000 000 000 
027 020 020 000 126 126 114 -01 -31 -06 -22 -125 009 -128 039 038 -20 -03 -114 -128 123 000 000 000 000 000 000 000 000 000 000 000 000 000 000 000 000 000 000 000 000 000 000 000 000 000 000 000 000 000 000 000 000 000 000 000 000 000 000 000 000 000 000 000 
-16 -34 027 -07 -128 113 -128 050 031 017 018 -128 -01 -128 -24 -71 017 004 008 045 121 000 000 000 000 000 000 000 000 000 000 000 000 000 000 000 000 000 000 000 000 000 000 000 000 000 000 000 000 000 000 000 000 000 000 000 000 000 000 000 000 000 000 000 
-51 050 017 -24 -115 -128 -118 000 -24 004 -39 127 119 -124 029 031 -02 -13 127 -128 -122 000 000 000 000 000 000 000 000 000 000 000 000 000 000 000 000 000 000 000 000 000 000 000 000 000 000 000 000 000 000 000 000 000 000 000 000 000 000 000 000 000 000 000 
026 -30 -12 -08 -80 117 -125 081 -49 003 020 -122 122 -100 061 016 -07 -04 126 110 -114 000 000 000 000 000 000 000 000 000 000 000 000 000 000 000 000 000 000 000 000 000 000 000 000 000 000 000 000 000 000 000 000 000 000 000 000 000 000 000 000 000 000 000 
-10 040 -23 -08 098 126 -127 -28 016 014 -10 126 -128 126 -34 -45 018 -20 -128 -113 126 000 000 000 000 000 000 000 000 000 000 000 000 000 000 000 000 000 000 000 000 000 000 000 000 000 000 000 000 000 000 000 000 000 000 000 000 000 000 000 000 000 000 000 
-20 -39 -05 -06 121 -81 122 005 047 -20 007 126 -125 117 053 -56 -07 002 126 125 -128 000 000 000 000 000 000 000 000 000 000 000 000 000 000 000 000 000 000 000 000 000 000 000 000 000 000 000 000 000 000 000 000 000 000 000 000 000 000 000 000 000 000 000 
013 049 015 -18 100 -95 126 041 051 -13 -15 -100 084 126 -20 062 -07 -07 -128 100 124 000 000 000 000 000 000 000 000 000 000 000 000 000 000 000 000 000 000 000 000 000 000 000 000 000 000 000 000 000 000 000 000 000 000 000 000 000 000 000 000 000 000 000 
-18 023 003 018 126 124 -128 -19 012 -03 -01 -125 -115 -119 036 047 -08 -01 121 124 -128 000 000 000 000 000 000 000 000 000 000 000 000 000 000 000 000 000 000 000 000 000 000 000 000 000 000 000 000 000 000 000 000 000 000 000 000 000 000 000 000 000 000 000 
009 030 028 002 119 123 -128 -15 -59 -11 -19 -113 -125 -123 017 014 000 -17 -121 103 087 000 000 000 000 000 000 000 000 000 000 000 000 000 000 000 000 000 000 000 000 000 000 000 000 000 000 000 000 000 000 000 000 000 000 000 000 000 000 000 000 000 000 000 
-45 -52 041 -18 -125 120 -126 -62 010 014 007 -119 124 -124 -22 017 001 -13 -123 125 -126 000 000 000 000 000 000 000 000 000 000 000 000 000 000 000 000 000 000 000 000 000 000 000 000 000 000 000 000 000 000 000 000 000 000 000 000 000 000 000 000 000 000 000 
-75 -22 -17 -12 114 119 -115 -56 046 -06 000 126 115 126 -75 059 -14 -12 -128 119 -102 000 000 000 000 000 000 000 000 000 000 000 000 000 000 000 000 000 000 000 000 000 000 000 000 000 000 000 000 000 000 000 000 000 000 000 000 000 000 000 000 000 000 000 
