045 040 -73 -05 125 -128 126 -24 -45 007 -16 126 121 -124 104 -47 023 003 125 122 126 000 000 000 000 000 000 000 000 000 000 000 000 000 000 000 000 000 000 000 000 000 000 000 000 000 000 000 000 000 000 000 000 000 000 000 000 000 000 000 000 000 000 000 
099 -04 049 -31 -128 -128 084 -78 040 024 014 -128 126 -128 -70 032 -32 -31 125 126 -128 000 000 000 000 000 000 000 000 000 000 000 000 000 000 000 000 000 000 000 000 000 000 000 000 000 000 000 000 000 000 000 000 000 000 000 000 000 000 000 000 000 000 000 
096 -128 -80 051 -128 -87 -123 000 086 -50 021 -128 089 089 048 026 014 008 -128 126 117 000 000 000 000 000 000 000 000 000 000 000 000 000 000 000 000 000 000 000 000 000 000 000 000 000 000 000 000 000 000 000 000 000 000 000 000 000 000 000 000 000 000 000 
-85 -98 063 091 -126 -128 126 -64 -96 012 -09 -121 125 126 046 -90 -73 086 -123 119 -119 000 000 000 000 000 000 000 000 000 000 000 000 000 000 000 000 000 000 000 000 000 000 000 000 000 000 000 000 000 000 000 000 000 000 000 000 000 000 000 000 000 000 000 
-82 056 -41 -31 -128 126 -66 019 058 009 -12 111 112 125 -65 -20 -22 -08 126 048 126 000 000 000 000 000 000 000 000 000 000 000 000 000 000 000 000 000 000 000 000 000 000 000 000 000 000 000 000 000 000 000 000 000 000 000 000 000 000 000 000 000 000 000 
-68 099 -35 -02 124 -128 083 087 -28 037 010 127 126 126 -66 027 012 021 -128 017 -117 000 000 000 000 000 000 000 000 000 000 000 000 000 000 000 000 000 000 000 000 000 000 000 000 000 000 000 000 000 000 000 000 000 000 000 000 000 000 000 000 000 000 000 
071 105 110 017 -125 126 126 -81 097 052 -04 -119 118 -126 -101 085 044 042 -128 123 -127 000 000 000 000 000 000 000 000 000 000 000 000 000 000 000 000 000 000 000 000 000 000 000 000 000 000 000 000 000 000 000 000 000 000 000 000 000 000 000 000 000 000 000 
047 -109 -94 013 127 -120 126 074 079 040 -34 126 126 -128 -24 012 028 014 -124 -127 -122 000 000 000 000 000 000 000 000 000 000 000 000 000 000 000 000 000 000 000 000 000 000 000 000 000 000 000 000 000 000 000 000 000 000 000 000 000 000 000 000 000 000 000 
092 016 107 -67 -108 123 -128 110 -84 -12 034 -125 -128 -124 101 -68 051 -22 -126 -128 -121 000 000 000 000 000 000 000 000 000 000 000 000 000 000 000 000 000 000 000 000 000 000 000 000 000 000 000 000 000 000 000 000 000 000 000 000 000 000 000 000 000 000 000 
-112 076 -49 -25 -125 -128 126 069 -06 029 032 126 126 126 011 010 016 067 123 125 -96 000 000 000 000 000 000 000 000 000 000 000 000 000 000 000 000 000 000 000 000 000 000 000 000 000 000 000 000 000 000 000 000 000 000 000 000 000 000 000 000 000 000 000 
088 -52 -21 081 -116 124 126 -18 -04 053 -51 -126 -128 -89 -19 057 030 073 127 -118 126 000 000 000 000 000 000 000 000 000 000 000 000 000 000 000 000 000 000 000 000 000 000 000 000 000 000 000 000 000 000 000 000 000 000 000 000 000 000 000 000 000 000 000 
-04 053 096 093 -121 -127 -113 -80 077 032 007 -124 -124 -126 -66 -103 -02 -29 -122 086 -128 000 000 000 000 000 000 000 000 000 000 000 000 000 000 000 000 000 000 000 000 000 000 000 000 000 000 000 000 000 000 000 000 000 000 000 000 000 000 000 000 000 000 000 
-106 -106 015 -91 122 125 126 -65 -106 -06 -25 125 124 126 -110 -100 000 -36 122 126 -122 000 000 000 000 000 000 000 000 000 000 000 000 000 000 000 000 000 000 000 000 000 000 000 000 000 000 000 000 000 000 000 000 000 000 000 000 000 000 000 000 000 000 000 
-92 -101 055 037 126 125 126 -96 -49 -43 -09 126 -126 126 -105 037 -32 -32 -128 -116 -123 000 000 000 000 000 000 000 000 000 000 000 000 000 000 000 000 000 000 000 000 000 000 000 000 000 000 000 000 000 000 000 000 000 000 000 000 000 000 000 000 000 000 000 
-26 058 077 -54 -126 126 -111 -63 -91 -45 -39 -122 -128 124 027 040 003 -37 -124 125 -94 000 000 000 000 000 000 000 000 000 000 000 000 000 000 000 000 000 000 000 000 000 000 000 000 000 000 000 000 000 000 000 000 000 000 000 000 000 000 000 000 000 000 000 
-86 095 077 078 127 125 -125 -89 081 057 013 127 123 -126 -86 099 014 -43 127 124 126 000 000 000 000 000 000 000 000 000 000 000 000 000 000 000 000 000 000 000 000 000 000 000 000 000 000 000 000 000 000 000 000 000 000 000 000 000 000 000 000 000 000 000 
-60 -85 069 074 -123 126 -126 -85 -74 037 026 -121 -128 -126 068 053 010 -29 -122 126 -127 000 000 000 000 000 000 000 000 000 000 000 000 000 000 000 000 000 000 000 000 000 000 000 000 000 000 000 000 000 000 000 000 000 000 000 000 000 000 000 000 000 000 000 
-83 036 -85 -78 126 126 -119 -89 084 -55 -11 -62 126 -128 -76 070 -25 -53 120 119 -128 000 000 000 000 000 000 000 000 000 000 000 000 000 000 000 000 000 000 000 000 000 000 000 000 000 000 000 000 000 000 000 000 000 000 000 000 000 000 000 000 000 000 000 
-26 059 -74 -66 -119 122 -126 -104 006 045 -38 -121 124 -126 106 093 031 -72 -121 123 -124 000 000 000 000 000 000 000 000 000 000 000 000 000 000 000 000 000 000 000 000 000 000 000 000 000 000 000 000 000 000 000 000 000 000 000 000 000 000 000 000 000 000 000 
091 037 101 -36 -126 -128 126 093 052 044 -07 125 -128 -120 078 -51 003 049 -128 115 126 000 000 000 000 000 000 000 000 000 000 000 000 000 000 000 000 000 000 000 000 000 000 000 000 000 000 000 000 000 000 000 000 000 000 000 000 000 000 000 000 000 000 000 
105 114 099 039 126 126 -125 085 107 065 -32 123 119 126 090 097 032 -31 118 -128 -128 000 000 000 000 000 000 000 000 000 000 000 000 000 000 000 000 000 000 000 000 000 000 000 000 000 000 000 000 000 000 000 000 000 000 000 000 000 000 000 000 000 000 000 
-68 -37 109 013 -125 126 -128 067 -112 063 010 -120 126 -127 090 -99 042 052 126 125 126 000 000 000 000 000 000 000 000 000 000 000 000 000 000 000 000 000 000 000 000 000 000 000 000 000 000 000 000 000 000 000 000 000 000 000 000 000 000 000 000 000 000 000 
-98 -111 -06 -67 -126 -128 126 -66 -110 029 -37 -124 -128 -119 -116 -49 027 -42 -121 -128 126 000 000 000 000 000 000 000 000 000 000 000 000 000 000 000 000 000 000 000 000 000 000 000 000 000 000 000 000 000 000 000 000 000 000 000 000 000 000 000 000 000 000 000 
087 063 -86 -52 -128 123 126 107 -05 022 016 -121 -122 126 081 -11 -34 -19 127 122 -124 000 000 000 000 000 000 000 000 000 000 000 000 000 000 000 000 000 000 000 000 000 000 000 000 000 000 000 000 000 000 000 000 000 000 000 000 000 000 000 000 000 000 000 
-84 -11 083 -55 -125 -128 -126 -61 -103 039 -21 -118 123 126 017 -90 -75 -29 126 122 -122 000 000 000 000 000 000 000 000 000 000 000 000 000 000 000 000 000 000 000 000 000 000 000 000 000 000 000 000 000 000 000 000 000 000 000 000 000 000 000 000 000 000 000 
109 044 102 080 -128 124 124 104 -27 -41 -01 127 120 126 081 081 019 -13 -114 124 -120 000 000 000 000 000 000 000 000 000 000 000 000 000 000 000 000 000 000 000 000 000 000 000 000 000 000 000 000 000 000 000 000 000 000 000 000 000 000 000 000 000 000 000 
065 111 103 -67 -127 126 126 -67 -40 072 -54 075 126 126 060 -12 044 -32 126 -128 -128 000 000 000 000 000 000 000 000 000 000 000 000 000 000 000 000 000 000 000 000 000 000 000 000 000 000 000 000 000 000 000 000 000 000 000 000 000 000 000 000 000 000 000 
061 -54 092 080 -115 126 -128 -71 -103 011 036 -126 126 123 -01 036 032 088 -124 125 126 000 000 000 000 000 000 000 000 000 000 000 000 000 000 000 000 000 000 000 000 000 000 000 000 000 000 000 000 000 000 000 000 000 000 000 000 000 000 000 000 000 000 000 
-47 -47 083 -54 126 117 -117 -06 -115 -70 -54 127 123 126 051 -104 -37 -32 -126 118 -113 000 000 000 000 000 000 000 000 000 000 000 000 000 000 000 000 000 000 000 000 000 000 000 000 000 000 000 000 000 000 000 000 000 000 000 000 000 000 000 000 000 000 000 
-119 -93 086 068 126 -128 -127 -64 -101 071 032 123 122 -126 039 -96 035 -26 123 125 -127 000 000 000 000 000 000 000 000 000 000 000 000 000 000 000 000 000 000 000 000 000 000 000 000 000 000 000 000 000 000 000 000 000 000 000 000 000 000 000 000 000 000 000 
-88 -05 -35 046 126 -128 -123 -75 -100 -04 045 122 123 126 -88 101 -23 025 -128 -128 -128 000 000 000 000 000 000 000 000 000 000 000 000 000 000 000 000 000 000 000 000 000 000 000 000 000 000 000 000 000 000 000 000 000 000 000 000 000 000 000 000 000 000 000 
109 111 015 -55 -122 -128 126 105 091 -18 -08 -127 122 126 101 087 -30 -34 -126 116 126 000 000 000 000 000 000 000 000 000 000 000 000 000 000 000 000 000 000 000 000 000 000 000 000 000 000 000 000 000 000 000 000 000 000 000 000 000 000 000 000 000 000 000 
072 -07 087 041 126 -120 -128 006 -07 040 024 -128 -65 126 -105 030 011 -36 126 126 -49 000 000 000 000 000 000 000 000 000 000 000 000 000 000 000 000 000 000 000 000 000 000 000 000 000 000 000 000 000 000 000 000 000 000 000 000 000 000 000 000 000 000 000 
099 087 021 -74 -120 -128 -103 072 080 -09 003 -128 -128 -95 039 095 -18 033 -125 -128 -128 000 000 000 000 000 000 000 000 000 000 000 000 000 000 000 000 000 000 000 000 000 000 000 000 000 000 000 000 000 000 000 000 000 000 000 000 000 000 000 000 000 000 000 
098 -111 -83 073 -120 123 126 076 -104 -48 043 -128 -128 -121 089 -99 018 -03 127 -128 -120 000 000 000 000 000 000 000 000 000 000 000 000 000 000 000 000 000 000 000 000 000 000 000 000 000 000 000 000 000 000 000 000 000 000 000 000 000 000 000 000 000 000 000 
-105 -63 096 -78 -128 -128 126 -76 -94 -01 025 -123 060 -128 033 082 -21 -18 127 -128 -26 000 000 000 000 000 000 000 000 000 000 000 000 000 000 000 000 000 000 000 000 000 000 000 000 000 000 000 000 000 000 000 000 000 000 000 000 000 000 000 000 000 000 000 
067 -69 -78 -49 -128 -128 126 089 045 024 -18 -128 -128 126 -48 091 -30 -06 -128 -128 126 000 000 000 000 000 000 000 000 000 000 000 000 000 000 000 000 000 000 000 000 000 000 000 000 000 000 000 000 000 000 000 000 000 000 000 000 000 000 000 000 000 000 000 
090 046 -34 008 126 126 125 -73 001 020 -32 -128 -128 -128 -91 -67 009 026 -128 118 -39 000 000 000 000 000 000 000 000 000 000 000 000 000 000 000 000 000 000 000 000 000 000 000 000 000 000 000 000 000 000 000 000 000 000 000 000 000 000 000 000 000 000 000 
-95 -96 048 063 -124 -128 126 -99 058 069 050 -124 122 -125 -73 -74 048 064 -128 125 -122 000 000 000 000 000 000 000 000 000 000 000 000 000 000 000 000 000 000 000 000 000 000 000 000 000 000 000 000 000 000 000 000 000 000 000 000 000 000 000 000 000 000 000 
-109 -110 -58 -38 -128 091 -10 -52 094 032 -01 -128 -128 -128 -76 -35 016 034 126 100 -127 000 000 000 000 000 000 000 000 000 000 000 000 000 000 000 000 000 000 000 000 000 000 000 000 000 000 000 000 000 000 000 000 000 000 000 000 000 000 000 000 000 000 000 
-79 -102 -68 045 -128 113 126 072 -22 042 011 -128 126 -68 -15 -78 001 011 -128 -128 013 000 000 000 000 000 000 000 000 000 000 000 000 000 000 000 000 000 000 000 000 000 000 000 000 000 000 000 000 000 000 000 000 000 000 000 000 000 000 000 000 000 000 000 
-65 -60 091 081 126 124 -128 083 -99 -23 041 -128 -128 -128 -63 -92 -28 089 -123 125 -122 000 000 000 000 000 000 000 000 000 000 000 000 000 000 000 000 000 000 000 000 000 000 000 000 000 000 000 000 000 000 000 000 000 000 000 000 000 000 000 000 000 000 000 
-69 107 -61 -41 -128 -114 124 -01 053 042 -19 127 -127 -117 086 -12 006 -13 126 126 064 000 000 000 000 000 000 000 000 000 000 000 000 000 000 000 000 000 000 000 000 000 000 000 000 000 000 000 000 000 000 000 000 000 000 000 000 000 000 000 000 000 000 000 
059 028 055 064 -126 126 117 -54 084 -27 -02 -128 120 -125 047 -74 019 001 126 126 126 000 000 000 000 000 000 000 000 000 000 000 000 000 000 000 000 000 000 000 000 000 000 000 000 000 000 000 000 000 000 000 000 000 000 000 000 000 000 000 000 000 000 000 
018 089 079 -17 042 041 -128 -91 -94 050 009 -78 -128 112 016 -100 -04 -23 126 -128 -22 000 000 000 000 000 000 000 000 000 000 000 000 000 000 000 000 000 000 000 000 000 000 000 000 000 000 000 000 000 000 000 000 000 000 000 000 000 000 000 000 000 000 000 
-68 075 -97 073 121 -115 -12 -33 -20 -10 -02 126 126 -60 017 030 025 -28 -128 -99 -128 000 000 000 000 000 000 000 000 000 000 000 000 000 000 000 000 000 000 000 000 000 000 000 000 000 000 000 000 000 000 000 000 000 000 000 000 000 000 000 000 000 000 000 
-44 -07 -32 -41 112 126 -128 069 090 -07 -16 -67 -128 119 069 -97 010 027 126 -128 126 000 000 000 000 000 000 000 000 000 000 000 000 000 000 000 000 000 000 000 000 000 000 000 000 000 000 000 000 000 000 000 000 000 000 000 000 000 000 000 000 000 000 000 
095 111 -69 073 -107 -128 -127 060 089 -46 008 -127 125 123 094 -38 002 036 126 097 -128 000 000 000 000 000 000 000 000 000 000 000 000 000 000 000 000 000 000 000 000 000 000 000 000 000 000 000 000 000 000 000 000 000 000 000 000 000 000 000 000 000 000 000 
100 094 074 078 -101 -128 -128 091 083 -11 003 123 125 -125 107 103 009 001 104 -128 -125 000 000 000 000 000 000 000 000 000 000 000 000 000 000 000 000 000 000 000 000 000 000 000 000 000 000 000 000 000 000 000 000 000 000 000 000 000 000 000 000 000 000 000 
099 -84 -56 086 -124 124 -127 118 059 042 -54 127 125 -125 081 042 016 072 126 123 -124 000 000 000 000 000 000 000 000 000 000 000 000 000 000 000 000 000 000 000 000 000 000 000 000 000 000 000 000 000 000 000 000 000 000 000 000 000 000 000 000 000 000 000 
103 -106 -93 013 -128 -127 -128 026 104 -11 -12 059 126 126 010 -102 025 021 126 126 122 000 000 000 000 000 000 000 000 000 000 000 000 000 000 000 000 000 000 000 000 000 000 000 000 000 000 000 000 000 000 000 000 000 000 000 000 000 000 000 000 000 000 000 
-98 070 -23 091 -124 -128 -118 -74 012 004 -18 -121 124 -122 -116 043 028 -39 -122 121 126 000 000 000 000 000 000 000 000 000 000 000 000 000 000 000 000 000 000 000 000 000 000 000 000 000 000 000 000 000 000 000 000 000 000 000 000 000 000 000 000 000 000 000 
-41 110 097 060 126 -126 126 044 003 -49 008 -13 -128 126 -97 -84 002 010 126 126 118 000 000 000 000 000 000 000 000 000 000 000 000 000 000 000 000 000 000 000 000 000 000 000 000 000 000 000 000 000 000 000 000 000 000 000 000 000 000 000 000 000 000 000 
-22 086 014 -47 115 126 -128 -63 -18 -21 -10 126 -107 126 -90 046 025 -25 -17 -128 126 000 000 000 000 000 000 000 000 000 000 000 000 000 000 000 000 000 000 000 000 000 000 000 000 000 000 000 000 000 000 000 000 000 000 000 000 000 000 000 000 000 000 000 
049 -69 086 -38 126 -128 126 035 078 -10 018 -128 -15 -116 -63 033 -22 007 -128 -128 118 000 000 000 000 000 000 000 000 000 000 000 000 000 000 000 000 000 000 000 000 000 000 000 000 000 000 000 000 000 000 000 000 000 000 000 000 000 000 000 000 000 000 000 
-81 071 -95 058 -124 -128 -125 -85 067 -29 -25 -120 -128 -124 -90 083 -42 -13 -126 -128 -128 000 000 000 000 000 000 000 000 000 000 000 000 000 000 000 000 000 000 000 000 000 000 000 000 000 000 000 000 000 000 000 000 000 000 000 000 000 000 000 000 000 000 000 
-94 -68 083 064 120 126 -116 010 -117 -51 -10 -121 -128 040 -76 -113 008 -20 -128 126 -94 000 000 000 000 000 000 000 000 000 000 000 000 000 000 000 000 000 000 000 000 000 000 000 000 000 000 000 000 000 000 000 000 000 000 000 000 000 000 000 000 000 000 000 
097 050 -45 -76 126 -128 126 078 -73 046 -17 126 126 125 101 082 -02 035 -124 126 126 000 000 000 000 000 000 000 000 000 000 000 000 000 000 000 000 000 000 000 000 000 000 000 000 000 000 000 000 000 000 000 000 000 000 000 000 000 000 000 000 000 000 000 
-95 075 022 -74 -126 -45 -128 012 -99 -35 002 126 126 126 -33 082 000 -02 126 -128 125 000 000 000 000 000 000 000 000 000 000 000 000 000 000 000 000 000 000 000 000 000 000 000 000 000 000 000 000 000 000 000 000 000 000 000 000 000 000 000 000 000 000 000 
-84 092 -19 -50 -125 126 -121 -70 068 040 040 -119 126 126 -118 075 -75 100 -124 -128 126 000 000 000 000 000 000 000 000 000 000 000 000 000 000 000 000 000 000 000 000 000 000 000 000 000 000 000 000 000 000 000 000 000 000 000 000 000 000 000 000 000 000 000 
-95 052 -40 -63 -122 -128 -106 110 025 035 033 -122 -128 126 -100 -85 019 062 -124 -128 126 000 000 000 000 000 000 000 000 000 000 000 000 000 000 000 000 000 000 000 000 000 000 000 000 000 000 000 000 000 000 000 000 000 000 000 000 000 000 000 000 000 000 000 
066 -76 025 008 126 102 000 047 096 026 010 126 -107 -120 -83 054 026 036 -120 -128 126 000 000 000 000 000 000 000 000 000 000 000 000 000 000 000 000 000 000 000 000 000 000 000 000 000 000 000 000 000 000 000 000 000 000 000 000 000 000 000 000 000 000 000 
-81 043 076 -63 123 126 -125 -100 090 -16 -21 126 123 -125 -49 -84 -26 -17 -128 122 -127 000 000 000 000 000 000 000 000 000 000 000 000 000 000 000 000 000 000 000 000 000 000 000 000 000 000 000 000 000 000 000 000 000 000 000 000 000 000 000 000 000 000 000 
-69 -29 -78 -29 -127 -128 -117 103 016 -73 -38 -124 126 127 -05 -70 035 -45 -124 -128 -122 000 000 000 000 000 000 000 000 000 000 000 000 000 000 000 000 000 000 000 000 000 000 000 000 000 000 000 000 000 000 000 000 000 000 000 000 000 000 000 000 000 000 000 
004 014 083 -11 121 107 -122 076 047 045 013 -128 -91 126 -109 -27 -02 014 126 -128 -04 000 000 000 000 000 000 000 000 000 000 000 000 000 000 000 000 000 000 000 000 000 000 000 000 000 000 000 000 000 000 000 000 000 000 000 000 000 000 000 000 000 000 000 
-111 -80 027 -39 -128 -128 126 -56 092 -36 031 -128 045 -128 -74 -99 -14 -34 126 -128 -128 000 000 000 000 000 000 000 000 000 000 000 000 000 000 000 000 000 000 000 000 000 000 000 000 000 000 000 000 000 000 000 000 000 000 000 000 000 000 000 000 000 000 000 
071 107 093 105 -122 090 126 089 -22 052 044 093 -128 126 072 -53 039 021 126 125 -128 000 000 000 000 000 000 000 000 000 000 000 000 000 000 000 000 000 000 000 000 000 000 000 000 000 000 000 000 000 000 000 000 000 000 000 000 000 000 000 000 000 000 000 
087 016 087 051 -85 -128 -121 -03 028 -37 068 126 126 126 -112 084 024 090 -126 -128 -110 000 000 000 000 000 000 000 000 000 000 000 000 000 000 000 000 000 000 000 000 000 000 000 000 000 000 000 000 000 000 000 000 000 000 000 000 000 000 000 000 000 000 000 
086 076 -48 -45 -128 -69 -125 -81 -97 027 -03 126 126 -115 069 017 -03 026 126 083 -128 000 000 000 000 000 000 000 000 000 000 000 000 000 000 000 000 000 000 000 000 000 000 000 000 000 000 000 000 000 000 000 000 000 000 000 000 000 000 000 000 000 000 000 
064 068 052 037 126 -128 -128 091 029 004 012 -126 126 126 039 026 006 -10 -128 -128 -127 000 000 000 000 000 000 000 000 000 000 000 000 000 000 000 000 000 000 000 000 000 000 000 000 000 000 000 000 000 000 000 000 000 000 000 000 000 000 000 000 000 000 000 
-62 092 -23 -50 126 -122 -121 -83 -21 032 -30 -128 -128 098 073 090 -06 -40 -128 126 103 000 000 000 000 000 000 000 000 000 000 000 000 000 000 000 000 000 000 000 000 000 000 000 000 000 000 000 000 000 000 000 000 000 000 000 000 000 000 000 000 000 000 000 
-114 067 002 081 -113 125 -126 -87 -74 055 040 123 122 -124 -95 101 014 061 122 126 -123 000 000 000 000 000 000 000 000 000 000 000 000 000 000 000 000 000 000 000 000 000 000 000 000 000 000 000 000 000 000 000 000 000 000 000 000 000 000 000 000 000 000 000 
108 -103 -88 051 -122 126 126 -64 029 -27 009 -115 -128 -121 -102 -78 -59 068 -120 -128 -114 000 000 000 000 000 000 000 000 000 000 000 000 000 000 000 000 000 000 000 000 000 000 000 000 000 000 000 000 000 000 000 000 000 000 000 000 000 000 000 000 000 000 000 
071 -104 -65 008 127 123 -126 071 -93 034 -10 122 125 -124 -98 -99 024 -39 -82 124 -123 000 000 000 000 000 000 000 000 000 000 000 000 000 000 000 000 000 000 000 000 000 000 000 000 000 000 000 000 000 000 000 000 000 000 000 000 000 000 000 000 000 000 000 
-105 -36 073 -75 124 124 -128 021 094 -02 -18 124 123 -126 -80 022 -17 003 123 -128 -126 000 000 000 000 000 000 000 000 000 000 000 000 000 000 000 000 000 000 000 000 000 000 000 000 000 000 000 000 000 000 000 000 000 000 000 000 000 000 000 000 000 000 000 
094 -107 -81 092 -126 123 -126 -36 033 031 033 -128 124 -123 071 -114 -57 -35 -122 123 -124 000 000 000 000 000 000 000 000 000 000 000 000 000 000 000 000 000 000 000 000 000 000 000 000 000 000 000 000 000 000 000 000 000 000 000 000 000 000 000 000 000 000 000 
011 106 083 056 124 -128 -128 068 087 -02 001 124 125 -128 -75 084 -32 007 123 124 -128 000 000 000 000 000 000 000 000 000 000 000 000 000 000 000 000 000 000 000 000 000 000 000 000 000 000 000 000 000 000 000 000 000 000 000 000 000 000 000 000 000 000 000 
098 096 080 059 -124 -128 -127 086 -36 -61 030 127 126 -124 079 022 025 078 -126 -128 -124 000 000 000 000 000 000 000 000 000 000 000 000 000 000 000 000 000 000 000 000 000 000 000 000 000 000 000 000 000 000 000 000 000 000 000 000 000 000 000 000 000 000 000 
-95 073 011 055 -128 -128 -128 -67 -91 015 -19 -127 071 124 -07 014 -09 008 -128 126 -33 000 000 000 000 000 000 000 000 000 000 000 000 000 000 000 000 000 000 000 000 000 000 000 000 000 000 000 000 000 000 000 000 000 000 000 000 000 000 000 000 000 000 000 
039 050 104 035 -123 126 127 -89 -97 -87 045 126 125 -128 -111 -70 -71 090 126 123 126 000 000 000 000 000 000 000 000 000 000 000 000 000 000 000 000 000 000 000 000 000 000 000 000 000 000 000 000 000 000 000 000 000 000 000 000 000 000 000 000 000 000 000 
-98 -112 -78 -49 -110 125 -124 -90 061 020 -43 127 125 -124 -107 -85 039 075 -90 125 -125 000 000 000 000 000 000 000 000 000 000 000 000 000 000 000 000 000 000 000 000 000 000 000 000 000 000 000 000 000 000 000 000 000 000 000 000 000 000 000 000 000 000 000 
-83 031 012 -71 127 -128 126 -94 048 036 -20 082 -128 126 -60 -62 -24 013 126 087 -128 000 000 000 000 000 000 000 000 000 000 000 000 000 000 000 000 000 000 000 000 000 000 000 000 000 000 000 000 000 000 000 000 000 000 000 000 000 000 000 000 000 000 000 
097 -76 092 -53 -126 123 126 051 -111 055 -07 -124 125 -123 055 -115 -37 -22 -122 126 -119 000 000 000 000 000 000 000 000 000 000 000 000 000 000 000 000 000 000 000 000 000 000 000 000 000 000 000 000 000 000 000 000 000 000 000 000 000 000 000 000 000 000 000 
-110 -56 094 -49 127 -128 -128 061 -115 059 019 -124 125 -123 -102 069 041 -49 -124 124 -125 000 000 000 000 000 000 000 000 000 000 000 000 000 000 000 000 000 000 000 000 000 000 000 000 000 000 000 000 000 000 000 000 000 000 000 000 000 000 000 000 000 000 000 
-46 -88 -75 -79 -123 -128 -121 -63 -28 029 009 -124 126 -125 091 -73 035 -28 -122 -128 126 000 000 000 000 000 000 000 000 000 000 000 000 000 000 000 000 000 000 000 000 000 000 000 000 000 000 000 000 000 000 000 000 000 000 000 000 000 000 000 000 000 000 000 
099 -84 080 -68 126 123 -128 023 -95 007 008 123 123 -122 103 -108 022 -43 124 123 -124 000 000 000 000 000 000 000 000 000 000 000 000 000 000 000 000 000 000 000 000 000 000 000 000 000 000 000 000 000 000 000 000 000 000 000 000 000 000 000 000 000 000 000 
-17 091 -08 -58 126 -128 063 057 -12 027 003 -128 -128 123 060 026 -29 -11 -122 -128 -128 000 000 000 000 000 000 000 000 000 000 000 000 000 000 000 000 000 000 000 000 000 000 000 000 000 000 000 000 000 000 000 000 000 000 000 000 000 000 000 000 000 000 000 
079 085 -29 092 -70 126 -123 047 089 -38 055 -127 126 126 -105 093 021 086 -125 123 126 000 000 000 000 000 000 000 000 000 000 000 000 000 000 000 000 000 000 000 000 000 000 000 000 000 000 000 000 000 000 000 000 000 000 000 000 000 000 000 000 000 000 000 
114 -109 -91 028 -120 120 -125 120 -60 -12 -19 -126 -128 -123 085 -16 -84 -40 -120 122 -120 000 000 000 000 000 000 000 000 000 000 000 000 000 000 000 000 000 000 000 000 000 000 000 000 000 000 000 000 000 000 000 000 000 000 000 000 000 000 000 000 000 000 000 
067 -102 -74 -64 126 -128 -113 082 043 -54 003 127 095 -128 103 016 008 -19 -124 -128 -93 000 000 000 000 000 000 000 000 000 000 000 000 000 000 000 000 000 000 000 000 000 000 000 000 000 000 000 000 000 000 000 000 000 000 000 000 000 000 000 000 000 000 000 
072 -63 086 -67 -128 126 -101 -84 -59 004 -16 -128 106 122 -41 -23 -41 018 126 126 -116 000 000 000 000 000 000 000 000 000 000 000 000 000 000 000 000 000 000 000 000 000 000 000 000 000 000 000 000 000 000 000 000 000 000 000 000 000 000 000 000 000 000 000 
103 108 -91 -27 -128 114 126 -66 -29 000 -33 -128 -128 -128 -58 -99 004 -24 126 126 126 000 000 000 000 000 000 000 000 000 000 000 000 000 000 000 000 000 000 000 000 000 000 000 000 000 000 000 000 000 000 000 000 000 000 000 000 000 000 000 000 000 000 000 
-45 058 084 -34 -128 126 -127 111 062 -19 -47 -110 -127 -121 -100 006 005 -43 127 124 -124 000 000 000 000 000 000 000 000 000 000 000 000 000 000 000 000 000 000 000 000 000 000 000 000 000 000 000 000 000 000 000 000 000 000 000 000 000 000 000 000 000 000 000 
112 -12 032 -40 -126 124 -124 084 097 049 -08 -125 121 -127 083 087 -68 -41 -125 122 126 000 000 000 000 000 000 000 000 000 000 000 000 000 000 000 000 000 000 000 000 000 000 000 000 000 000 000 000 000 000 000 000 000 000 000 000 000 000 000 000 000 000 000 
-46 106 077 -49 -120 125 -128 102 043 -58 008 -127 126 -128 046 -67 -50 -02 -125 -128 -128 000 000 000 000 000 000 000 000 000 000 000 000 000 000 000 000 000 000 000 000 000 000 000 000 000 000 000 000 000 000 000 000 000 000 000 000 000 000 000 000 000 000 000 
017 -100 037 031 127 -128 125 -07 -91 -26 -14 127 124 -128 -95 -79 011 013 126 -80 -58 000 000 000 000 000 000 000 000 000 000 000 000 000 000 000 000 000 000 000 000 000 000 000 000 000 000 000 000 000 000 000 000 000 000 000 000 000 000 000 000 000 000 000 
057 068 -65 046 126 -128 -128 059 -62 -35 -27 127 -128 125 104 010 014 017 -128 093 -128 000 000 000 000 000 000 000 000 000 000 000 000 000 000 000 000 000 000 000 000 000 000 000 000 000 000 000 000 000 000 000 000 000 000 000 000 000 000 000 000 000 000 000 
099 -39 -73 -64 126 121 115 066 -79 -37 -11 029 -128 121 -109 000 -29 -10 127 -128 126 000 000 000 000 000 000 000 000 000 000 000 000 000 000 000 000 000 000 000 000 000 000 000 000 000 000 000 000 000 000 000 000 000 000 000 000 000 000 000 000 000 000 000 
-111 087 064 -34 127 -127 126 -06 -76 009 -07 -128 126 090 087 000 -25 -04 -128 -128 -125 000 000 000 000 000 000 000 000 000 000 000 000 000 000 000 000 000 000 000 000 000 000 000 000 000 000 000 000 000 000 000 000 000 000 000 000 000 000 000 000 000 000 000 
120 013 -72 -67 -128 124 126 091 -102 -79 -42 001 120 -99 -109 079 -51 -10 -124 118 -125 000 000 000 000 000 000 000 000 000 000 000 000 000 000 000 000 000 000 000 000 000 000 000 000 000 000 000 000 000 000 000 000 000 000 000 000 000 000 000 000 000 000 000 
014 000 -78 020 -128 123 -121 -60 054 -71 002 -124 -128 -128 056 047 -30 -30 -123 121 108 000 000 000 000 000 000 000 000 000 000 000 000 000 000 000 000 000 000 000 000 000 000 000 000 000 000 000 000 000 000 000 000 000 000 000 000 000 000 000 000 000 000 000 
-77 049 -104 018 124 124 -125 084 087 -85 -39 123 124 -127 101 -70 -33 018 127 126 -128 000 000 000 000 000 000 000 000 000 000 000 000 000 000 000 000 000 000 000 000 000 000 000 000 000 000 000 000 000 000 000 000 000 000 000 000 000 000 000 000 000 000 000 
-88 111 -98 034 126 126 126 -54 -57 024 -03 127 -128 -104 -25 -45 -07 -03 -128 -120 -128 000 000 000 000 000 000 000 000 000 000 000 000 000 000 000 000 000 000 000 000 000 000 000 000 000 000 000 000 000 000 000 000 000 000 000 000 000 000 000 000 000 000 000 
-99 -113 -81 084 -124 126 126 045 056 018 025 -127 -128 -122 056 -76 017 -25 -121 126 -128 000 000 000 000 000 000 000 000 000 000 000 000 000 000 000 000 000 000 000 000 000 000 000 000 000 000 000 000 000 000 000 000 000 000 000 000 000 000 000 000 000 000 000 
089 -96 -65 -74 126 -115 126 -70 015 -09 030 122 -128 -31 067 094 007 -15 -128 126 123 000 000 000 000 000 000 000 000 000 000 000 000 000 000 000 000 000 000 000 000 000 000 000 000 000 000 000 000 000 000 000 000 000 000 000 000 000 000 000 000 000 000 000 
-111 018 -24 -31 -128 119 115 -09 -57 014 010 -127 126 126 035 106 -17 -33 -128 093 126 000 000 000 000 000 000 000 000 000 000 000 000 000 000 000 000 000 000 000 000 000 000 000 000 000 000 000 000 000 000 000 000 000 000 000 000 000 000 000 000 000 000 000 
-112 -77 -73 -64 -99 -127 086 -14 016 032 042 126 126 -99 105 070 008 064 -128 085 -128 000 000 000 000 000 000 000 000 000 000 000 000 000 000 000 000 000 000 000 000 000 000 000 000 000 000 000 000 000 000 000 000 000 000 000 000 000 000 000 000 000 000 000 
106 111 050 004 126 126 -128 -39 103 052 017 -127 017 126 -101 039 022 012 126 -124 126 000 000 000 000 000 000 000 000 000 000 000 000 000 000 000 000 000 000 000 000 000 000 000 000 000 000 000 000 000 000 000 000 000 000 000 000 000 000 000 000 000 000 000 
-15 -112 -73 058 -128 -15 -128 -96 -90 032 -10 -128 -128 111 102 098 008 023 -128 125 126 000 000 000 000 000 000 000 000 000 000 000 000 000 000 000 000 000 000 000 000 000 000 000 000 000 000 000 000 000 000 000 000 000 000 000 000 000 000 000 000 000 000 000 
099 079 -91 033 127 -128 -126 -34 072 -77 -06 -125 124 126 079 016 -64 065 -123 122 -126 000 000 000 000 000 000 000 000 000 000 000 000 000 000 000 000 000 000 000 000 000 000 000 000 000 000 000 000 000 000 000 000 000 000 000 000 000 000 000 000 000 000 000 
111 001 008 -60 124 123 126 103 -75 045 -08 -128 125 -125 102 049 -32 -37 126 124 -124 000 000 000 000 000 000 000 000 000 000 000 000 000 000 000 000 000 000 000 000 000 000 000 000 000 000 000 000 000 000 000 000 000 000 000 000 000 000 000 000 000 000 000 
029 -102 -15 -10 -122 -128 -124 046 041 096 025 -125 102 -128 096 -11 033 -18 125 126 -128 000 000 000 000 000 000 000 000 000 000 000 000 000 000 000 000 000 000 000 000 000 000 000 000 000 000 000 000 000 000 000 000 000 000 000 000 000 000 000 000 000 000 000 
-112 084 093 018 -123 126 -110 -91 084 -29 044 -120 -128 -54 079 089 020 020 127 124 -128 000 000 000 000 000 000 000 000 000 000 000 000 000 000 000 000 000 000 000 000 000 000 000 000 000 000 000 000 000 000 000 000 000 000 000 000 000 000 000 000 000 000 000 
-99 -07 102 023 126 120 -128 -59 086 030 016 121 -128 126 105 082 003 019 120 -128 -121 000 000 000 000 000 000 000 000 000 000 000 000 000 000 000 000 000 000 000 000 000 000 000 000 000 000 000 000 000 000 000 000 000 000 000 000 000 000 000 000 000 000 000 
-37 041 -88 039 003 -86 123 015 -106 -52 018 126 126 126 -78 -81 012 -24 -128 -126 126 000 000 000 000 000 000 000 000 000 000 000 000 000 000 000 000 000 000 000 000 000 000 000 000 000 000 000 000 000 000 000 000 000 000 000 000 000 000 000 000 000 000 000 
-79 016 -79 -62 -128 126 -128 065 073 001 -12 -128 -128 125 096 063 -30 023 -124 012 126 000 000 000 000 000 000 000 000 000 000 000 000 000 000 000 000 000 000 000 000 000 000 000 000 000 000 000 000 000 000 000 000 000 000 000 000 000 000 000 000 000 000 000 
103 -99 029 -69 -127 125 -115 -86 -107 -92 -20 -101 -67 -124 -113 -87 -64 -35 -120 123 -120 000 000 000 000 000 000 000 000 000 000 000 000 000 000 000 000 000 000 000 000 000 000 000 000 000 000 000 000 000 000 000 000 000 000 000 000 000 000 000 000 000 000 000 
-90 096 -75 001 -123 125 126 114 089 064 020 -124 -128 -124 -107 078 029 -27 -128 122 -126 000 000 000 000 000 000 000 000 000 000 000 000 000 000 000 000 000 000 000 000 000 000 000 000 000 000 000 000 000 000 000 000 000 000 000 000 000 000 000 000 000 000 000 
-39 -08 -87 010 -128 -128 -126 029 063 015 001 -128 126 -128 -108 064 007 031 126 -128 070 000 000 000 000 000 000 000 000 000 000 000 000 000 000 000 000 000 000 000 000 000 000 000 000 000 000 000 000 000 000 000 000 000 000 000 000 000 000 000 000 000 000 000 
-85 -11 -93 075 -128 110 123 090 022 007 -33 -128 126 123 -107 077 007 -20 -128 -126 126 000 000 000 000 000 000 000 000 000 000 000 000 000 000 000 000 000 000 000 000 000 000 000 000 000 000 000 000 000 000 000 000 000 000 000 000 000 000 000 000 000 000 000 
059 051 -51 -69 126 096 -128 -06 009 -32 -15 -128 -128 -128 -103 009 -24 015 -128 126 -128 000 000 000 000 000 000 000 000 000 000 000 000 000 000 000 000 000 000 000 000 000 000 000 000 000 000 000 000 000 000 000 000 000 000 000 000 000 000 000 000 000 000 000 
-107 043 -74 025 127 -128 -125 100 019 -89 022 -122 126 109 -86 -34 008 087 -123 -128 125 000 000 000 000 000 000 000 000 000 000 000 000 000 000 000 000 000 000 000 000 000 000 000 000 000 000 000 000 000 000 000 000 000 000 000 000 000 000 000 000 000 000 000 
006 -09 -81 087 -124 119 -122 -45 083 -29 -17 122 116 126 030 073 -05 016 120 126 126 000 000 000 000 000 000 000 000 000 000 000 000 000 000 000 000 000 000 000 000 000 000 000 000 000 000 000 000 000 000 000 000 000 000 000 000 000 000 000 000 000 000 000 
-95 037 -59 -13 -115 -116 126 -55 098 023 028 -128 -128 -29 -46 039 002 005 126 126 093 000 000 000 000 000 000 000 000 000 000 000 000 000 000 000 000 000 000 000 000 000 000 000 000 000 000 000 000 000 000 000 000 000 000 000 000 000 000 000 000 000 000 000 
101 -55 097 -05 -128 125 -123 -97 -102 020 005 -128 -126 -124 -82 027 -08 -12 -128 116 123 000 000 000 000 000 000 000 000 000 000 000 000 000 000 000 000 000 000 000 000 000 000 000 000 000 000 000 000 000 000 000 000 000 000 000 000 000 000 000 000 000 000 000 
-47 048 108 007 127 108 -126 -37 059 037 010 -118 111 126 -109 039 -17 002 -123 -128 126 000 000 000 000 000 000 000 000 000 000 000 000 000 000 000 000 000 000 000 000 000 000 000 000 000 000 000 000 000 000 000 000 000 000 000 000 000 000 000 000 000 000 000 
108 107 -95 -38 122 125 -124 -44 062 -86 -26 -124 125 -124 085 077 011 054 -126 122 -124 000 000 000 000 000 000 000 000 000 000 000 000 000 000 000 000 000 000 000 000 000 000 000 000 000 000 000 000 000 000 000 000 000 000 000 000 000 000 000 000 000 000 000 
005 -55 -31 -43 -72 126 -124 096 029 -14 021 -39 126 -128 105 -80 -27 022 -111 -13 126 000 000 000 000 000 000 000 000 000 000 000 000 000 000 000 000 000 000 000 000 000 000 000 000 000 000 000 000 000 000 000 000 000 000 000 000 000 000 000 000 000 000 000 
