000110 000107 000110 000111 000099 000128 000101 000127 000132 000112 000116 000112 000122 000092 000139 000098 000121 000111 000123 000102 000096 000119 000107 000088 000110 000086 000114 000111 000066 000128 000127 000111 
000101 000097 000123 000116 000089 000093 000113 000103 000098 000115 000133 000109 000116 000109 000068 000084 000084 000119 000120 000118 000112 000093 000111 000108 000113 000131 000111 000115 000089 000105 000104 000125 
000070 000095 000090 000100 000111 000114 000122 000105 000098 000111 000095 000100 000090 000118 000132 000122 000111 000103 000088 000106 000119 000096 000125 000127 000124 000123 000122 000104 000121 000119 000105 000119 
000098 000103 000090 000130 000127 000096 000116 000093 000071 000126 000091 000117 000105 000123 000108 000127 000098 000117 000097 000098 000101 000096 000086 000101 000120 000081 000102 000110 000112 000108 000117 000089 
000123 000058 000100 000110 000123 000123 000124 000099 000123 000104 000118 000103 000104 000097 000068 000100 000119 000129 000124 000114 000112 000104 000105 000104 000092 000116 000096 000120 000118 000120 000131 000085 
000124 000057 000123 000122 000081 000117 000063 000096 000101 000113 000129 000107 000096 000113 000095 000128 000104 000114 000073 000133 000109 000108 000109 000099 000119 000132 000117 000088 000116 000116 000094 000089 
000099 000101 000123 000076 000100 000104 000070 000105 000103 000109 000131 000101 000098 000127 000108 000097 000113 000086 000115 000097 000115 000119 000105 000098 000123 000078 000126 000117 000104 000105 000129 000099 
000098 000137 000109 000102 000098 000095 000117 000120 000107 000102 000112 000092 000107 000112 000111 000133 000101 000097 000101 000091 000128 000121 000114 000104 000112 000106 000124 000136 000104 000106 000117 000105 
000117 000135 000116 000110 000127 000108 000115 000092 000130 000116 000109 000107 000109 000125 000083 000096 000103 000116 000088 000084 000123 000130 000108 000102 000068 000106 000114 000120 000115 000109 000122 000127 
000103 000091 000101 000117 000071 000111 000092 000120 000115 000092 000116 000094 000056 000117 000088 000118 000112 000103 000096 000119 000097 000108 000112 000102 000082 000077 000106 000123 000082 000106 000100 000110 
000113 000126 000108 000119 000097 000095 000116 000110 000108 000082 000123 000109 000112 000101 000119 000126 000098 000089 000109 000112 000117 000104 000097 000121 000075 000113 000131 000119 000104 000126 000109 000121 
000102 000105 000102 000103 000112 000106 000092 000108 000120 000111 000077 000109 000102 000106 000108 000116 000086 000125 000096 000090 000100 000117 000083 000087 000103 000108 000119 000128 000117 000118 000111 000103 
000127 000120 000099 000129 000106 000111 000104 000106 000104 000093 000103 000114 000114 000129 000098 000111 000073 000102 000123 000090 000113 000104 000102 000101 000126 000127 000103 000104 000102 000088 000110 000111 
000134 000114 000129 000105 000106 000108 000113 000102 000112 000107 000107 000109 000085 000123 000070 000108 000119 000106 000103 000119 000114 000093 000071 000110 000124 000116 000108 000099 000095 000104 000069 000090 
000127 000105 000115 000124 000114 000105 000109 000117 000116 000132 000098 000128 000104 000113 000100 000091 000129 000105 000127 000101 000078 000121 000117 000083 000118 000094 000126 000119 000119 000103 000123 000129 
000117 000103 000111 000121 000069 000116 000102 000112 000105 000084 000115 000122 000119 000126 000097 000091 000123 000124 000087 000106 000093 000098 000101 000123 000105 000105 000117 000098 000106 000097 000096 000108 
