-17 026 006 -43 042 042 021 -14 000 -127 013 003 008 -19 -12 094 012 101 -12 -36 -89 -15 -23 014 028 013 -16 -20 -36 041 126 -117 000 000 000 000 000 000 000 000 000 000 000 000 000 000 000 000 000 000 000 000 000 000 000 000 000 000 000 000 000 000 000 000 
-12 036 018 011 040 -26 036 -33 036 -126 -05 -10 002 018 007 -24 -10 101 -40 -26 110 011 -22 -09 010 -34 -07 -39 019 038 -115 126 000 000 000 000 000 000 000 000 000 000 000 000 000 000 000 000 000 000 000 000 000 000 000 000 000 000 000 000 000 000 000 000 
-13 011 -33 -13 -18 -10 022 003 012 125 -05 -07 003 046 019 112 013 098 -25 -23 -79 012 -22 018 -28 005 010 044 004 074 -121 -119 000 000 000 000 000 000 000 000 000 000 000 000 000 000 000 000 000 000 000 000 000 000 000 000 000 000 000 000 000 000 000 000 
-14 -57 014 030 -03 059 022 -03 -07 122 -16 -20 007 -10 -47 -111 002 124 028 046 085 009 -21 -24 000 036 016 030 -24 -66 126 -58 000 000 000 000 000 000 000 000 000 000 000 000 000 000 000 000 000 000 000 000 000 000 000 000 000 000 000 000 000 000 000 000 
-24 -33 023 -36 007 035 -26 -38 024 122 002 023 -32 -44 048 119 015 -120 -37 -26 -115 009 -22 -14 030 006 006 -32 020 -38 -124 -118 000 000 000 000 000 000 000 000 000 000 000 000 000 000 000 000 000 000 000 000 000 000 000 000 000 000 000 000 000 000 000 000 
005 -55 024 -33 -14 -25 -11 006 051 125 -07 032 014 -37 -56 034 020 -115 007 -18 078 009 -22 -11 014 006 003 -19 -17 062 -123 -119 000 000 000 000 000 000 000 000 000 000 000 000 000 000 000 000 000 000 000 000 000 000 000 000 000 000 000 000 000 000 000 000 
-09 -44 008 -12 -21 048 -22 037 053 -122 009 013 013 -40 015 117 -21 104 -01 026 110 011 036 -07 030 -27 -12 012 -44 004 -119 -117 000 000 000 000 000 000 000 000 000 000 000 000 000 000 000 000 000 000 000 000 000 000 000 000 000 000 000 000 000 000 000 000 
-27 023 004 -35 -30 -64 -07 021 -48 -127 032 000 005 019 -21 -122 -01 101 -41 -44 -117 009 -24 -26 005 -31 -11 014 019 -64 -114 -111 000 000 000 000 000 000 000 000 000 000 000 000 000 000 000 000 000 000 000 000 000 000 000 000 000 000 000 000 000 000 000 000 
-17 -20 021 020 -37 054 -19 -27 003 -128 -23 -13 007 035 -28 -116 015 103 002 -05 089 001 -24 020 -15 023 001 -34 -20 060 -113 126 000 000 000 000 000 000 000 000 000 000 000 000 000 000 000 000 000 000 000 000 000 000 000 000 000 000 000 000 000 000 000 000 
-17 062 -20 023 024 038 030 036 -42 116 020 -36 013 014 049 -125 -20 115 013 -46 -76 -09 -23 -23 025 -38 -33 017 -18 -42 -121 -118 000 000 000 000 000 000 000 000 000 000 000 000 000 000 000 000 000 000 000 000 000 000 000 000 000 000 000 000 000 000 000 000 
-13 -50 006 029 -21 -53 028 -33 032 121 -17 -08 016 016 -57 -121 004 -110 026 -53 106 010 -24 011 016 -04 -33 003 039 074 -123 -118 000 000 000 000 000 000 000 000 000 000 000 000 000 000 000 000 000 000 000 000 000 000 000 000 000 000 000 000 000 000 000 000 
-18 -57 -26 -33 -31 -60 029 -26 039 125 -05 -27 -23 031 001 -72 -22 -110 006 -18 118 013 047 -22 027 -34 009 029 041 -56 -125 123 000 000 000 000 000 000 000 000 000 000 000 000 000 000 000 000 000 000 000 000 000 000 000 000 000 000 000 000 000 000 000 000 
-06 064 014 019 045 050 -07 015 -41 -119 014 -28 -13 033 032 095 000 113 027 001 -111 009 028 005 -23 002 -38 -36 -54 036 125 -111 000 000 000 000 000 000 000 000 000 000 000 000 000 000 000 000 000 000 000 000 000 000 000 000 000 000 000 000 000 000 000 000 
009 -56 018 019 006 062 030 032 -04 126 012 -08 -49 029 046 057 -02 116 -05 042 075 015 -27 -21 -25 -41 000 -41 046 -08 122 -89 000 000 000 000 000 000 000 000 000 000 000 000 000 000 000 000 000 000 000 000 000 000 000 000 000 000 000 000 000 000 000 000 
-23 057 030 -23 038 000 000 040 038 126 031 -08 009 027 -51 -15 -26 116 010 -55 116 014 032 -19 028 013 006 023 048 -54 126 -111 000 000 000 000 000 000 000 000 000 000 000 000 000 000 000 000 000 000 000 000 000 000 000 000 000 000 000 000 000 000 000 000 
-03 020 033 -01 047 -32 -04 033 037 121 002 006 013 013 003 -97 004 -108 005 -19 121 -04 024 -02 016 -01 006 -05 -41 055 -117 112 000 000 000 000 000 000 000 000 000 000 000 000 000 000 000 000 000 000 000 000 000 000 000 000 000 000 000 000 000 000 000 000 
-09 -59 027 014 -11 037 025 -29 -43 121 -08 -27 -16 025 052 111 -10 -109 -34 012 115 013 010 011 031 -28 -01 -28 -55 -21 -127 -104 000 000 000 000 000 000 000 000 000 000 000 000 000 000 000 000 000 000 000 000 000 000 000 000 000 000 000 000 000 000 000 000 
-15 058 023 022 006 027 029 007 037 124 -07 025 014 -35 -57 126 009 -99 -12 018 030 012 007 -15 -24 -17 -05 042 -44 017 -128 109 000 000 000 000 000 000 000 000 000 000 000 000 000 000 000 000 000 000 000 000 000 000 000 000 000 000 000 000 000 000 000 000 
-07 -19 009 -43 048 -15 -17 -33 -11 -119 007 -34 004 -33 010 122 013 109 -33 027 087 -06 -03 003 -18 -18 -02 -10 -15 -29 124 116 000 000 000 000 000 000 000 000 000 000 000 000 000 000 000 000 000 000 000 000 000 000 000 000 000 000 000 000 000 000 000 000 
-13 -28 -41 031 -42 050 036 -03 -48 -122 -21 -18 -49 013 -40 126 000 -72 026 -49 091 010 -03 -22 002 -20 001 -40 -03 -19 -127 100 000 000 000 000 000 000 000 000 000 000 000 000 000 000 000 000 000 000 000 000 000 000 000 000 000 000 000 000 000 000 000 000 
000 -52 028 -17 -21 041 001 035 011 -127 -23 -15 006 007 007 120 010 -127 012 -20 -75 014 -01 000 -18 -11 -13 -12 015 -09 111 -124 000 000 000 000 000 000 000 000 000 000 000 000 000 000 000 000 000 000 000 000 000 000 000 000 000 000 000 000 000 000 000 000 
-21 -56 017 011 004 014 011 017 026 -128 -13 001 008 -44 -53 011 001 115 -24 008 004 015 002 -12 024 007 -31 -31 013 047 -128 125 000 000 000 000 000 000 000 000 000 000 000 000 000 000 000 000 000 000 000 000 000 000 000 000 000 000 000 000 000 000 000 000 
004 016 -35 -28 -07 033 -27 -44 033 121 005 014 009 -37 026 -64 014 -107 -15 -48 -06 017 -02 -16 032 -25 005 -23 010 004 -128 126 000 000 000 000 000 000 000 000 000 000 000 000 000 000 000 000 000 000 000 000 000 000 000 000 000 000 000 000 000 000 000 000 
024 -64 035 -37 013 -68 010 -24 -40 122 -15 -11 011 -40 -16 121 -11 -106 007 024 -99 011 000 003 038 010 -06 -50 -44 067 094 -127 000 000 000 000 000 000 000 000 000 000 000 000 000 000 000 000 000 000 000 000 000 000 000 000 000 000 000 000 000 000 000 000 
022 028 009 -35 026 -39 -08 -44 -42 -121 -14 005 002 038 031 -113 -06 096 -39 -56 -63 015 -04 -18 007 -35 001 044 052 033 -128 122 000 000 000 000 000 000 000 000 000 000 000 000 000 000 000 000 000 000 000 000 000 000 000 000 000 000 000 000 000 000 000 000 
-13 -17 -11 016 -26 002 -13 016 -39 -124 027 -10 006 031 -04 -117 -14 097 -09 028 -92 016 -04 -24 -30 038 -32 047 047 -02 119 -128 000 000 000 000 000 000 000 000 000 000 000 000 000 000 000 000 000 000 000 000 000 000 000 000 000 000 000 000 000 000 000 000 
007 025 -14 -26 001 016 -09 -08 031 -124 031 -15 008 -27 -10 110 -11 115 009 011 -102 -13 -03 -17 -09 -26 -20 -52 028 042 121 117 000 000 000 000 000 000 000 000 000 000 000 000 000 000 000 000 000 000 000 000 000 000 000 000 000 000 000 000 000 000 000 000 
-27 -18 -37 018 047 -12 003 -38 -50 126 -08 -06 002 007 -16 -94 -16 115 -06 -23 -101 018 -02 006 014 017 -29 030 013 -21 120 112 000 000 000 000 000 000 000 000 000 000 000 000 000 000 000 000 000 000 000 000 000 000 000 000 000 000 000 000 000 000 000 000 
022 024 024 007 -35 025 -03 -19 -02 116 -21 006 007 -13 -53 -119 -18 -117 -13 012 -118 014 -03 020 001 -30 -08 011 -32 -53 117 057 000 000 000 000 000 000 000 000 000 000 000 000 000 000 000 000 000 000 000 000 000 000 000 000 000 000 000 000 000 000 000 000 
-28 -02 -22 008 -41 016 -14 011 -18 123 -03 -36 -13 041 -26 -90 003 -108 024 041 122 017 -01 017 029 -29 010 -31 003 -39 112 -126 000 000 000 000 000 000 000 000 000 000 000 000 000 000 000 000 000 000 000 000 000 000 000 000 000 000 000 000 000 000 000 000 
-25 021 -13 -22 -47 -68 031 -07 024 -120 018 -26 005 -45 -01 -111 -06 103 011 035 099 015 -04 011 -11 -07 -09 -20 -39 -64 119 118 000 000 000 000 000 000 000 000 000 000 000 000 000 000 000 000 000 000 000 000 000 000 000 000 000 000 000 000 000 000 000 000 
-25 -27 -22 -25 033 016 015 035 010 126 013 027 -27 -37 -47 -122 -23 102 -40 027 116 -19 -04 -25 035 -25 008 006 051 -68 119 107 000 000 000 000 000 000 000 000 000 000 000 000 000 000 000 000 000 000 000 000 000 000 000 000 000 000 000 000 000 000 000 000 
-26 -45 031 -27 -54 -12 -28 -06 -30 -124 -10 016 -51 -42 048 -118 -31 -109 015 -39 -110 -16 -03 018 037 -13 004 006 -48 014 120 114 000 000 000 000 000 000 000 000 000 000 000 000 000 000 000 000 000 000 000 000 000 000 000 000 000 000 000 000 000 000 000 000 
003 010 002 -28 -31 -52 008 006 009 -127 -27 -02 004 028 -39 126 000 -94 -37 010 -115 009 -02 003 040 -19 -31 043 047 -13 120 115 000 000 000 000 000 000 000 000 000 000 000 000 000 000 000 000 000 000 000 000 000 000 000 000 000 000 000 000 000 000 000 000 
-08 -43 021 028 037 -01 012 -21 050 123 -04 000 006 -26 -24 080 -31 -113 018 036 109 015 -69 -04 024 -13 013 049 051 -71 -128 116 000 000 000 000 000 000 000 000 000 000 000 000 000 000 000 000 000 000 000 000 000 000 000 000 000 000 000 000 000 000 000 000 
005 -42 025 -10 -36 -25 006 -02 008 -127 001 004 006 029 -09 -118 -11 -110 036 004 -97 002 000 -24 -12 -33 -07 -02 -28 043 113 123 000 000 000 000 000 000 000 000 000 000 000 000 000 000 000 000 000 000 000 000 000 000 000 000 000 000 000 000 000 000 000 000 
-03 -65 -47 -29 040 -42 015 -05 -29 -126 027 008 007 015 -49 097 -20 099 -05 028 094 -19 -23 -22 -16 039 013 047 -50 031 120 -119 000 000 000 000 000 000 000 000 000 000 000 000 000 000 000 000 000 000 000 000 000 000 000 000 000 000 000 000 000 000 000 000 
-02 -24 021 -45 -32 -65 004 035 001 126 -09 -26 006 -26 -04 049 020 092 -22 -42 108 011 -22 -03 -21 022 -02 -43 019 055 -119 -122 000 000 000 000 000 000 000 000 000 000 000 000 000 000 000 000 000 000 000 000 000 000 000 000 000 000 000 000 000 000 000 000 
-11 -46 018 -07 004 055 022 018 -52 125 025 -11 009 -15 -30 062 019 -128 -26 032 080 -04 054 -13 016 -16 -09 -08 -43 003 -120 -120 000 000 000 000 000 000 000 000 000 000 000 000 000 000 000 000 000 000 000 000 000 000 000 000 000 000 000 000 000 000 000 000 
-17 051 034 -44 002 -44 -19 -30 -37 -128 010 -34 011 -22 -50 -121 -18 116 -22 -08 059 010 -21 -18 -04 029 016 -55 -51 -09 126 -118 000 000 000 000 000 000 000 000 000 000 000 000 000 000 000 000 000 000 000 000 000 000 000 000 000 000 000 000 000 000 000 000 
-24 048 024 -08 -05 009 -08 -42 -12 122 004 -30 -39 021 -02 -74 -21 -117 -11 -54 099 012 -22 -28 018 -20 -22 021 -34 049 -123 -121 000 000 000 000 000 000 000 000 000 000 000 000 000 000 000 000 000 000 000 000 000 000 000 000 000 000 000 000 000 000 000 000 
013 016 -34 013 033 051 032 -45 -37 126 -16 -08 -07 -21 047 105 -15 -116 -16 -22 113 003 -22 016 018 -35 -02 008 040 -59 -123 -116 000 000 000 000 000 000 000 000 000 000 000 000 000 000 000 000 000 000 000 000 000 000 000 000 000 000 000 000 000 000 000 000 
-15 052 002 -31 042 -15 -11 -23 046 -125 035 -06 005 016 010 122 002 106 040 041 -78 012 -24 001 -14 012 -15 -41 -36 -20 -122 -118 000 000 000 000 000 000 000 000 000 000 000 000 000 000 000 000 000 000 000 000 000 000 000 000 000 000 000 000 000 000 000 000 
-07 032 012 013 -40 -51 026 002 011 -128 001 027 004 002 043 -104 -14 -128 -24 -26 -118 011 -24 -06 008 -16 -10 -50 -24 038 -113 -118 000 000 000 000 000 000 000 000 000 000 000 000 000 000 000 000 000 000 000 000 000 000 000 000 000 000 000 000 000 000 000 000 
012 -62 -07 -21 028 -69 038 039 043 117 024 005 -49 -40 -04 -122 -08 112 011 -15 -93 005 -24 -08 -03 030 -16 -19 -24 056 -116 -108 000 000 000 000 000 000 000 000 000 000 000 000 000 000 000 000 000 000 000 000 000 000 000 000 000 000 000 000 000 000 000 000 
-08 -08 028 -37 011 010 -24 -10 -14 -128 -13 -07 010 -32 -24 -124 -08 123 -40 -27 114 011 -23 006 008 -12 012 -29 039 009 126 126 000 000 000 000 000 000 000 000 000 000 000 000 000 000 000 000 000 000 000 000 000 000 000 000 000 000 000 000 000 000 000 000 
-08 -13 -42 -44 -05 -38 -04 015 -09 122 -25 -02 015 -35 043 -91 002 -112 017 -34 030 011 -24 -25 -22 -35 -07 -30 022 -08 -124 -119 000 000 000 000 000 000 000 000 000 000 000 000 000 000 000 000 000 000 000 000 000 000 000 000 000 000 000 000 000 000 000 000 
-19 -43 -12 011 -43 000 038 021 014 -128 -18 019 -34 025 -34 125 -14 -111 035 005 116 011 023 -14 009 034 004 -53 032 037 -122 -118 000 000 000 000 000 000 000 000 000 000 000 000 000 000 000 000 000 000 000 000 000 000 000 000 000 000 000 000 000 000 000 000 
-24 022 016 -38 012 018 006 -39 -18 -120 -09 -12 009 010 -56 -115 003 -127 -33 029 -83 -11 -28 020 028 008 -02 -41 -11 010 -118 -109 000 000 000 000 000 000 000 000 000 000 000 000 000 000 000 000 000 000 000 000 000 000 000 000 000 000 000 000 000 000 000 000 
012 -20 027 010 038 -26 012 -41 -21 -123 -04 -08 005 -02 008 -121 -21 113 -16 001 -117 014 -28 -12 023 012 009 043 -34 -06 -113 -120 000 000 000 000 000 000 000 000 000 000 000 000 000 000 000 000 000 000 000 000 000 000 000 000 000 000 000 000 000 000 000 000 
-07 -31 031 -02 -51 043 009 014 -55 125 000 -08 007 -31 026 085 -07 113 004 -07 089 -02 -27 -29 -20 -05 -03 -33 020 072 -111 019 000 000 000 000 000 000 000 000 000 000 000 000 000 000 000 000 000 000 000 000 000 000 000 000 000 000 000 000 000 000 000 000 
016 001 -17 017 -55 -14 018 015 041 124 030 -30 -14 -49 -38 -115 015 -111 -41 000 -68 -15 -25 -24 032 -34 -37 021 022 075 -123 -104 000 000 000 000 000 000 000 000 000 000 000 000 000 000 000 000 000 000 000 000 000 000 000 000 000 000 000 000 000 000 000 000 
001 -44 -36 -33 -57 -33 -06 -25 049 121 -25 -06 -35 -19 017 -112 -16 116 -30 -44 -105 000 -29 008 -09 013 -31 002 045 -37 126 -41 000 000 000 000 000 000 000 000 000 000 000 000 000 000 000 000 000 000 000 000 000 000 000 000 000 000 000 000 000 000 000 000 
-01 056 -35 028 011 -52 011 003 -55 -128 023 -34 -18 -39 -24 111 013 -105 011 -33 106 -14 -36 003 039 -01 -35 -11 -52 078 126 -78 000 000 000 000 000 000 000 000 000 000 000 000 000 000 000 000 000 000 000 000 000 000 000 000 000 000 000 000 000 000 000 000 
-26 043 005 -45 -22 017 029 -47 -20 -118 033 -21 003 -49 -12 049 002 108 034 -03 087 013 -03 013 -08 -29 -40 016 -41 -26 -125 -125 000 000 000 000 000 000 000 000 000 000 000 000 000 000 000 000 000 000 000 000 000 000 000 000 000 000 000 000 000 000 000 000 
000 062 022 -36 -21 -49 003 -03 -44 -123 004 -24 -17 -47 -17 121 -15 110 -19 -49 024 014 -03 -17 038 023 -36 041 036 018 -100 -118 000 000 000 000 000 000 000 000 000 000 000 000 000 000 000 000 000 000 000 000 000 000 000 000 000 000 000 000 000 000 000 000 
-07 -12 029 016 049 010 -26 009 -25 -125 -18 026 012 -33 -15 126 000 -127 -08 022 124 015 -61 -20 023 -39 -14 015 014 075 -118 120 000 000 000 000 000 000 000 000 000 000 000 000 000 000 000 000 000 000 000 000 000 000 000 000 000 000 000 000 000 000 000 000 
-17 023 024 -04 -19 -13 014 -05 042 123 002 -34 -39 -48 -49 072 -22 -114 -42 003 123 -07 -45 -30 -01 -27 011 002 037 -29 -123 089 000 000 000 000 000 000 000 000 000 000 000 000 000 000 000 000 000 000 000 000 000 000 000 000 000 000 000 000 000 000 000 000 
-07 -03 036 -26 -39 044 -03 -11 030 119 012 034 -39 015 012 082 -06 -102 -41 -04 -109 015 -03 -09 029 -11 -27 043 -15 048 125 -127 000 000 000 000 000 000 000 000 000 000 000 000 000 000 000 000 000 000 000 000 000 000 000 000 000 000 000 000 000 000 000 000 
000 -55 031 -16 003 -41 -01 015 -06 121 021 013 -13 018 -18 014 -02 126 033 -08 -115 013 -41 -17 038 -39 001 001 053 005 122 125 000 000 000 000 000 000 000 000 000 000 000 000 000 000 000 000 000 000 000 000 000 000 000 000 000 000 000 000 000 000 000 000 
-22 031 -15 -42 -36 -40 025 -20 024 -121 -05 -26 010 019 041 121 008 -116 028 041 -95 004 -04 019 -27 -38 -26 011 023 -46 117 -116 000 000 000 000 000 000 000 000 000 000 000 000 000 000 000 000 000 000 000 000 000 000 000 000 000 000 000 000 000 000 000 000 
004 -47 -03 -40 -20 -15 013 029 016 -124 -07 029 -29 -49 007 109 -23 100 -22 043 -111 015 -04 -20 012 -14 005 052 -22 -07 -128 099 000 000 000 000 000 000 000 000 000 000 000 000 000 000 000 000 000 000 000 000 000 000 000 000 000 000 000 000 000 000 000 000 
018 -25 025 -15 027 -47 -15 -40 030 126 -14 -09 009 030 -48 125 -23 007 -26 021 -106 017 -69 -25 029 -09 002 -46 -27 072 120 122 000 000 000 000 000 000 000 000 000 000 000 000 000 000 000 000 000 000 000 000 000 000 000 000 000 000 000 000 000 000 000 000 
004 -31 027 025 010 025 -12 -31 -46 -128 -29 -32 005 009 -45 070 -21 -116 -13 021 101 -07 -02 003 002 030 000 036 015 052 119 118 000 000 000 000 000 000 000 000 000 000 000 000 000 000 000 000 000 000 000 000 000 000 000 000 000 000 000 000 000 000 000 000 
025 -64 018 007 -42 -30 002 -41 017 123 019 -06 -07 025 -32 -117 -23 -114 011 -33 -111 005 -03 -18 032 019 011 -34 -02 -34 116 -128 000 000 000 000 000 000 000 000 000 000 000 000 000 000 000 000 000 000 000 000 000 000 000 000 000 000 000 000 000 000 000 000 
012 003 023 000 051 024 -01 -44 -53 124 -15 017 010 -13 027 -100 -05 -110 -38 017 122 -01 -52 -14 039 037 -30 -10 -28 079 113 123 000 000 000 000 000 000 000 000 000 000 000 000 000 000 000 000 000 000 000 000 000 000 000 000 000 000 000 000 000 000 000 000 
-23 012 014 -24 035 035 001 024 -38 -120 -11 -36 004 023 -40 118 -24 096 -28 -43 054 016 -62 019 -30 012 -36 -36 -29 003 119 -69 000 000 000 000 000 000 000 000 000 000 000 000 000 000 000 000 000 000 000 000 000 000 000 000 000 000 000 000 000 000 000 000 
-12 -04 012 023 -41 035 -17 -19 -23 -121 003 -04 -36 -47 -30 -110 -19 105 -22 017 -66 015 -04 008 025 005 -27 034 020 060 119 108 000 000 000 000 000 000 000 000 000 000 000 000 000 000 000 000 000 000 000 000 000 000 000 000 000 000 000 000 000 000 000 000 
-08 051 026 -09 022 -19 026 -40 -07 -126 025 014 -22 016 009 005 -22 -106 -26 -45 -71 -14 -04 -33 -29 -09 -09 -51 028 073 120 117 000 000 000 000 000 000 000 000 000 000 000 000 000 000 000 000 000 000 000 000 000 000 000 000 000 000 000 000 000 000 000 000 
007 005 022 006 021 036 018 001 -53 126 030 -15 009 038 -42 -94 -10 -114 -10 -07 -77 017 -02 -08 029 -19 009 -31 052 -30 120 117 000 000 000 000 000 000 000 000 000 000 000 000 000 000 000 000 000 000 000 000 000 000 000 000 000 000 000 000 000 000 000 000 
-02 -12 018 -07 -43 -42 011 -41 000 125 -18 002 007 020 -30 046 -05 126 026 035 -71 002 -02 -09 -10 -38 006 005 -24 059 115 115 000 000 000 000 000 000 000 000 000 000 000 000 000 000 000 000 000 000 000 000 000 000 000 000 000 000 000 000 000 000 000 000 
021 -37 019 -02 -42 -71 012 -05 008 -120 035 -15 -32 -47 050 -122 -26 -111 010 032 -114 011 -65 020 004 -39 -01 -27 -34 -13 112 -121 000 000 000 000 000 000 000 000 000 000 000 000 000 000 000 000 000 000 000 000 000 000 000 000 000 000 000 000 000 000 000 000 
002 -43 000 000 -52 -12 011 015 -24 -125 036 -25 -03 -16 -35 126 -08 104 -40 040 084 009 -22 -29 002 017 -12 000 -36 -10 -122 126 000 000 000 000 000 000 000 000 000 000 000 000 000 000 000 000 000 000 000 000 000 000 000 000 000 000 000 000 000 000 000 000 
-18 -11 -08 020 021 -54 031 -14 018 -127 032 027 008 -08 -23 119 -01 101 032 011 115 009 040 009 -33 -28 -21 043 -39 -14 -116 123 000 000 000 000 000 000 000 000 000 000 000 000 000 000 000 000 000 000 000 000 000 000 000 000 000 000 000 000 000 000 000 000 
-11 -41 025 014 005 -56 014 022 048 126 008 -27 009 025 039 -99 -13 093 028 015 122 013 -22 -33 -03 -19 018 -57 053 001 -118 -121 000 000 000 000 000 000 000 000 000 000 000 000 000 000 000 000 000 000 000 000 000 000 000 000 000 000 000 000 000 000 000 000 
-24 -46 -27 -03 019 017 009 005 -11 115 031 -01 007 -20 009 -123 006 -122 008 009 066 010 -21 -32 -15 018 -27 -46 -28 -09 126 -117 000 000 000 000 000 000 000 000 000 000 000 000 000 000 000 000 000 000 000 000 000 000 000 000 000 000 000 000 000 000 000 000 
-09 -10 023 008 -29 058 -12 -38 -32 122 025 011 -44 006 041 123 009 -119 018 034 -112 009 -22 -22 014 -27 -21 -51 -27 -67 -123 126 000 000 000 000 000 000 000 000 000 000 000 000 000 000 000 000 000 000 000 000 000 000 000 000 000 000 000 000 000 000 000 000 
012 -13 -30 -24 040 -34 019 006 -50 -128 -11 -21 -26 -19 -52 120 -18 122 017 023 092 001 -22 -32 005 014 010 049 041 017 -122 -118 000 000 000 000 000 000 000 000 000 000 000 000 000 000 000 000 000 000 000 000 000 000 000 000 000 000 000 000 000 000 000 000 
-01 -44 004 017 001 -10 -22 023 -42 127 -10 017 -01 -10 024 126 014 107 028 009 -116 010 -24 -10 -36 -04 008 008 043 053 -119 -122 000 000 000 000 000 000 000 000 000 000 000 000 000 000 000 000 000 000 000 000 000 000 000 000 000 000 000 000 000 000 000 000 
-27 039 013 002 -49 -56 020 -15 -33 124 006 -31 007 -02 -14 035 014 106 -41 -26 119 -13 -24 017 -08 008 -05 -49 -51 010 -86 125 000 000 000 000 000 000 000 000 000 000 000 000 000 000 000 000 000 000 000 000 000 000 000 000 000 000 000 000 000 000 000 000 
-25 055 004 021 -19 007 -20 001 -43 124 -20 033 004 -30 -40 -114 -09 -128 -29 -32 110 003 -24 -17 008 -20 -10 -55 -07 -68 -116 -96 000 000 000 000 000 000 000 000 000 000 000 000 000 000 000 000 000 000 000 000 000 000 000 000 000 000 000 000 000 000 000 000 
009 -47 025 -14 025 018 -08 000 -24 116 -08 015 -23 -35 -29 -119 002 -39 -12 -18 104 012 -23 -28 020 029 -10 036 017 016 -121 -103 000 000 000 000 000 000 000 000 000 000 000 000 000 000 000 000 000 000 000 000 000 000 000 000 000 000 000 000 000 000 000 000 
-25 029 -10 -38 009 -13 027 001 031 121 032 -06 -10 039 -57 -115 001 125 -13 023 055 -17 -24 -14 -20 -35 -03 046 008 -14 -122 126 000 000 000 000 000 000 000 000 000 000 000 000 000 000 000 000 000 000 000 000 000 000 000 000 000 000 000 000 000 000 000 000 
-23 -33 019 -01 -12 048 -09 009 017 125 023 -31 020 040 037 104 -06 111 -26 -35 112 009 -24 -30 -17 -39 -20 -39 -32 032 -123 -108 000 000 000 000 000 000 000 000 000 000 000 000 000 000 000 000 000 000 000 000 000 000 000 000 000 000 000 000 000 000 000 000 
-17 -06 010 006 -45 -60 033 -47 049 -121 035 000 -44 -03 -17 108 -22 115 -41 010 -83 -03 -30 014 016 031 011 010 -45 -74 -125 126 000 000 000 000 000 000 000 000 000 000 000 000 000 000 000 000 000 000 000 000 000 000 000 000 000 000 000 000 000 000 000 000 
025 062 019 023 -39 -16 -13 030 053 -127 006 012 -44 041 -58 -34 014 116 -34 043 -113 013 -26 -03 -20 -29 011 -18 -41 011 126 -116 000 000 000 000 000 000 000 000 000 000 000 000 000 000 000 000 000 000 000 000 000 000 000 000 000 000 000 000 000 000 000 000 
-09 011 029 007 045 -45 035 017 -22 126 -13 -21 009 037 045 033 007 107 -12 042 -86 -08 029 019 -13 038 -22 030 018 -43 -119 -116 000 000 000 000 000 000 000 000 000 000 000 000 000 000 000 000 000 000 000 000 000 000 000 000 000 000 000 000 000 000 000 000 
-12 -61 027 009 -37 056 014 -01 -24 119 023 -06 017 -32 033 -43 -22 -115 029 -43 118 013 027 003 -128 018 007 -35 -27 027 -121 095 000 000 000 000 000 000 000 000 000 000 000 000 000 000 000 000 000 000 000 000 000 000 000 000 000 000 000 000 000 000 000 000 
-20 061 003 027 038 054 -07 005 007 120 006 -37 -40 -21 021 -119 -20 -111 021 014 -95 006 018 000 -04 015 -15 037 -50 058 116 126 000 000 000 000 000 000 000 000 000 000 000 000 000 000 000 000 000 000 000 000 000 000 000 000 000 000 000 000 000 000 000 000 
016 -01 029 -20 -22 061 027 -40 -46 124 012 -37 -40 -35 052 -70 017 -96 009 033 -114 016 -25 -03 -23 -06 -28 052 053 068 126 -118 000 000 000 000 000 000 000 000 000 000 000 000 000 000 000 000 000 000 000 000 000 000 000 000 000 000 000 000 000 000 000 000 
-05 -35 011 026 -04 058 -23 -18 030 126 -09 -05 -03 015 047 -87 -06 109 -30 -54 104 009 -01 020 005 007 -10 032 026 -18 -123 119 000 000 000 000 000 000 000 000 000 000 000 000 000 000 000 000 000 000 000 000 000 000 000 000 000 000 000 000 000 000 000 000 
004 -36 021 012 -56 023 -16 -06 -12 -122 016 029 008 000 049 126 -13 111 -23 029 -79 -14 -30 -23 032 010 -19 -12 -17 068 109 112 000 000 000 000 000 000 000 000 000 000 000 000 000 000 000 000 000 000 000 000 000 000 000 000 000 000 000 000 000 000 000 000 
006 057 032 019 -23 -57 -17 009 -48 -126 -23 -03 -31 -08 048 126 008 112 -04 -40 062 009 -53 -23 017 -21 007 004 009 009 114 -62 000 000 000 000 000 000 000 000 000 000 000 000 000 000 000 000 000 000 000 000 000 000 000 000 000 000 000 000 000 000 000 000 
007 001 -11 023 044 -51 007 -30 -44 101 026 011 006 036 043 -107 000 124 -41 -45 -78 017 002 015 -32 030 -10 021 -21 -36 119 -120 000 000 000 000 000 000 000 000 000 000 000 000 000 000 000 000 000 000 000 000 000 000 000 000 000 000 000 000 000 000 000 000 
016 038 006 -36 -53 013 009 001 -40 124 032 -16 014 -21 012 -99 001 123 -10 -28 073 014 -01 001 035 025 -15 -36 -38 049 -128 118 000 000 000 000 000 000 000 000 000 000 000 000 000 000 000 000 000 000 000 000 000 000 000 000 000 000 000 000 000 000 000 000 
000 044 011 012 027 -65 -22 -18 015 123 018 -13 -13 -28 -08 059 010 089 004 -25 -32 013 001 017 -27 002 -31 -31 -51 021 110 115 000 000 000 000 000 000 000 000 000 000 000 000 000 000 000 000 000 000 000 000 000 000 000 000 000 000 000 000 000 000 000 000 
002 -28 018 027 -51 040 039 026 042 126 029 -05 -13 -36 -01 048 -14 098 031 -29 -18 015 -04 -02 -14 011 002 -56 037 -61 119 095 000 000 000 000 000 000 000 000 000 000 000 000 000 000 000 000 000 000 000 000 000 000 000 000 000 000 000 000 000 000 000 000 
-03 007 -36 -34 006 026 007 -43 043 127 023 -20 -44 -26 -27 125 012 104 -21 009 045 016 -04 001 025 -06 002 038 -50 051 122 113 000 000 000 000 000 000 000 000 000 000 000 000 000 000 000 000 000 000 000 000 000 000 000 000 000 000 000 000 000 000 000 000 
-22 -44 -16 -10 -53 013 -13 003 -17 -127 -12 021 -01 046 026 065 -26 -117 032 015 -108 014 -03 009 021 -16 -11 -32 -42 079 122 120 000 000 000 000 000 000 000 000 000 000 000 000 000 000 000 000 000 000 000 000 000 000 000 000 000 000 000 000 000 000 000 000 
-07 055 011 -29 -48 -62 004 025 -34 -128 -27 022 010 -25 -01 -116 -23 -114 -08 015 -101 -04 -02 011 024 -33 -14 043 046 052 120 -120 000 000 000 000 000 000 000 000 000 000 000 000 000 000 000 000 000 000 000 000 000 000 000 000 000 000 000 000 000 000 000 000 
025 -37 -37 -14 -48 048 -08 -38 -27 -128 011 -29 007 -15 012 -112 -05 -114 -34 033 -110 -08 -02 007 001 -17 -19 -18 -36 -03 117 -128 000 000 000 000 000 000 000 000 000 000 000 000 000 000 000 000 000 000 000 000 000 000 000 000 000 000 000 000 000 000 000 000 
-20 045 -38 -02 -22 -14 016 -05 -40 124 029 010 012 022 -39 -115 -13 -113 037 -40 119 015 000 -29 -22 -40 -04 -29 -20 -51 114 -105 000 000 000 000 000 000 000 000 000 000 000 000 000 000 000 000 000 000 000 000 000 000 000 000 000 000 000 000 000 000 000 000 
-18 018 015 007 004 -37 020 010 -16 -121 001 -16 -05 -39 -26 -122 -03 102 030 -56 -78 015 -04 -02 -37 -14 010 027 002 058 119 099 000 000 000 000 000 000 000 000 000 000 000 000 000 000 000 000 000 000 000 000 000 000 000 000 000 000 000 000 000 000 000 000 
-28 043 017 -24 -43 030 -04 011 -51 -122 005 -22 -10 -31 040 -75 -19 097 -37 -50 039 -06 -04 -26 007 021 -18 -10 -53 -51 119 095 000 000 000 000 000 000 000 000 000 000 000 000 000 000 000 000 000 000 000 000 000 000 000 000 000 000 000 000 000 000 000 000 
001 -46 -34 -44 012 000 004 000 030 -127 023 -06 -20 035 004 -107 -08 102 -31 -37 -58 -06 -03 -06 -32 039 -12 -45 -49 014 121 117 000 000 000 000 000 000 000 000 000 000 000 000 000 000 000 000 000 000 000 000 000 000 000 000 000 000 000 000 000 000 000 000 
-27 -01 008 014 032 -36 021 010 -53 126 014 -12 004 -20 018 118 -16 -81 011 -32 -115 015 -02 008 -20 -39 -39 000 -45 -70 120 -113 000 000 000 000 000 000 000 000 000 000 000 000 000 000 000 000 000 000 000 000 000 000 000 000 000 000 000 000 000 000 000 000 
-15 037 008 014 044 013 -17 -38 -37 -127 029 -22 -10 -27 -51 105 006 -111 -29 019 -110 005 -02 -17 033 -35 -03 -32 -09 046 116 122 000 000 000 000 000 000 000 000 000 000 000 000 000 000 000 000 000 000 000 000 000 000 000 000 000 000 000 000 000 000 000 000 
024 -02 -18 -16 048 -53 -03 030 037 125 013 004 -29 -07 -27 -101 -12 -111 030 -45 -98 015 000 017 009 033 -20 -46 -21 019 114 093 000 000 000 000 000 000 000 000 000 000 000 000 000 000 000 000 000 000 000 000 000 000 000 000 000 000 000 000 000 000 000 000 
